0.09306468069553375
0.9121252298355103
0.999907374382019
0.6401061415672302
0.03745059296488762
0.40656381845474243
0.9880995154380798
0.02325626090168953
0.6236676573753357
0.023543164134025574
0.009243465960025787
0.6040478348731995
0.007285513915121555
0.3126377463340759
0.1844373196363449
0.32069480419158936
0.9999229907989502
0.9977553486824036
0.939536988735199
0.9943283200263977
0.21050292253494263
0.6061166524887085
0.9911139607429504
0.21057485044002533
0.0064705307595431805
0.9551374316215515
0.001400338369421661
0.9999326467514038
0.9753442406654358
0.9981890320777893
0.7037854194641113
0.9961362481117249
0.9556941986083984
0.21180930733680725
0.24429523944854736
0.13596077263355255
0.1942424774169922
0.2207268476486206
0.012814161367714405
0.9865267872810364
0.7318090200424194
0.6548352837562561
0.020909177139401436
0.9988188147544861
0.22875507175922394
0.5000606775283813
0.009990349411964417
0.9011138081550598
0.982106626033783
0.9650384187698364
0.9999843835830688
0.7207189798355103
0.9967737793922424
0.6786375045776367
0.9885559678077698
0.003111697966232896
0.9019281268119812
0.8712234497070312
0.004839667119085789
0.9983265995979309
0.005924457684159279
0.015416777692735195
0.9780704379081726
0.9784286618232727
0.008769110776484013
0.11391705274581909
0.11803402006626129
0.8272769451141357
0.9567964673042297
0.2695418894290924
0.2982787787914276
0.9059445261955261
0.13680197298526764
0.010991192422807217
0.040818434208631516
0.18507565557956696
0.011765927076339722
0.9988270401954651
0.9920201897621155
0.7633160948753357
0.5884925127029419
0.9257234930992126
0.08067187666893005
0.017934653908014297
0.9527473449707031
0.9905542731285095
0.9998273253440857
0.9889435768127441
0.055993836373090744
0.03090922348201275
0.041127413511276245
0.9743738770484924
0.017220893874764442
0.02026228979229927
0.9997768998146057
0.9999837875366211
0.9725618958473206
0.006567807402461767
0.9784150719642639
0.08356126397848129
0.8852012753486633
0.5102011561393738
0.9884966611862183
0.9981170892715454
0.8237742781639099
0.01977858878672123
0.020392490550875664
0.7096943259239197
0.6242787837982178
0.0020671780221164227
0.9881516098976135
0.0060664028860628605
0.8441965579986572
0.03002351149916649
0.9423693418502808
0.6139012575149536
0.9934548735618591
0.9996067881584167
0.9999963045120239
0.8497896194458008
0.6257340312004089
0.9999047517776489
0.9883065819740295
0.41968396306037903
0.5979801416397095
0.9671027660369873
0.9232053160667419
0.1267390102148056
0.9695558547973633
0.992461621761322
0.6411508321762085
0.9926451444625854
0.5910868048667908
0.6759865880012512
0.6669135689735413
0.5447844862937927
0.002042185515165329
0.7193966507911682
0.999661922454834
0.011131451465189457
0.9005579352378845
0.9668048620223999
0.9443177580833435
0.004166540689766407
0.9849778413772583
0.9901257753372192
0.0200538020581007
0.1051047146320343
0.9986151456832886
0.979904294013977
0.01980321668088436
0.0046519143506884575
0.013351164758205414
0.007876122370362282
0.9739952087402344
0.9964667558670044
0.9999949932098389
0.9906004667282104
0.8890823721885681
0.9736629724502563
0.9985236525535583
0.8374943733215332
0.8993733525276184
0.9943286776542664
0.001877791597507894
0.005974641069769859
0.7133885622024536
0.998332679271698
0.0013480200432240963
0.7901265621185303
0.9998030066490173
0.9418516159057617
0.8755815625190735
0.32242220640182495
0.1501902937889099
0.8773337006568909
0.6250462532043457
0.0017920945538207889
0.8633174896240234
0.5443834066390991
0.992840051651001
0.9826949238777161
0.7104582786560059
0.9998550415039062
0.8956008553504944
0.9946655035018921
0.9997850060462952
0.8579212427139282
0.9939143061637878
0.9495978951454163
0.9678583145141602
0.002771385945379734
0.08486487716436386
0.02335311472415924
0.40831711888313293
0.9985674619674683
0.9981789588928223
0.018559973686933517
0.5286848545074463
0.9948794841766357
0.563726007938385
0.9820199608802795
0.8922515511512756
0.9869133830070496
0.9998608827590942
0.007378756999969482
0.02187047153711319
0.9927083849906921
0.7065801024436951
0.9995356798171997
0.10414065420627594
0.06618714332580566
0.8002683520317078
0.8423736691474915
0.9504317045211792
0.004628931637853384
0.9948432445526123
0.9932363629341125
0.8740349411964417
0.02491636388003826
0.8737658858299255
0.9979768395423889
0.011979144997894764
0.9926779270172119
0.9999508857727051
0.009626185521483421
0.008218628354370594
0.03555531054735184
0.014969175681471825
0.9957411289215088
0.004711642861366272
0.02114870771765709
0.9253925681114197
0.9820709228515625
0.0023800998460501432
0.9919437170028687
0.5548415184020996
0.09529894590377808
0.953972578048706
0.07675826549530029
0.007989454083144665
0.9473939538002014
0.9876672029495239
0.0656852200627327
0.9742058515548706
0.4528377950191498
0.9995794892311096
0.9031643867492676
0.9979045391082764
0.9261311292648315
0.9945830702781677
0.19127415120601654
0.08257611840963364
0.14419130980968475
0.9161812663078308
0.9982531666755676
0.9982975125312805
0.8445308208465576
0.34217408299446106
0.005477278959006071
0.9647425413131714
0.8484355807304382
0.018035568296909332
0.44786760210990906
0.0024657968897372484
0.9906443357467651
0.32737788558006287
0.14298561215400696
0.001560895936563611
0.032840657979249954
0.9622774124145508
0.002141695935279131
0.0019029730465263128
0.9412158727645874
0.9998557567596436
0.02098928950726986
0.019063521176576614
0.1361488401889801
0.8567614555358887
0.967940628528595
0.6199181079864502
0.0021712924353778362
0.9152050018310547
0.10599987953901291
0.9985979199409485
0.03388899564743042
0.18802878260612488
0.7708415389060974
0.9999990463256836
0.6094022989273071
0.9949977397918701
0.9932849407196045
0.2324344515800476
0.9991375207901001
0.004223903175443411
0.006646493915468454
0.9272868037223816
0.9970019459724426
0.9035882353782654
0.017529567703604698
0.9162313342094421
0.9091976881027222
0.9830990433692932
0.9794114232063293
0.5192532539367676
0.43769294023513794
0.0358278825879097
0.98463374376297
0.9882981181144714
0.9933566451072693
0.6197522282600403
0.00667107617482543
0.9746339321136475
0.9999065399169922
0.9875669479370117
0.0956387147307396
0.030723383650183678
0.006863482296466827
0.9974307417869568
0.017370976507663727
0.9354454278945923
0.0489397756755352
0.9999972581863403
0.9738107323646545
0.17851988971233368
0.875438928604126
0.9997429251670837
0.9958856701850891
0.9292606711387634
0.0036249286495149136
0.8221544623374939
0.9411219954490662
0.5938833355903625
0.6446123123168945
0.9986972212791443
0.77816241979599
0.009603971615433693
0.9920769929885864
0.9954049587249756
0.9861087203025818
0.9950218200683594
0.04232516884803772
0.6550220847129822
0.2151203453540802
0.008799806237220764
0.999847412109375
0.9967604279518127
0.8989830613136292
0.27096983790397644
0.09176637977361679
0.42829033732414246
0.9729781746864319
0.022367294877767563
0.006932932883501053
0.3161388337612152
0.7869083285331726
0.7441594004631042
0.9364622831344604
0.9996026158332825
0.9992978572845459
0.08652633428573608
0.9974976181983948
0.7148696780204773
0.9756279587745667
0.9736115336418152
0.9999992847442627
0.899127721786499
0.983165979385376
0.9843653440475464
0.8867308497428894
0.8696556687355042
0.9815271496772766
0.022633550688624382
0.962057888507843
0.9798681139945984
0.9996668100357056
0.9998595714569092
0.9565321207046509
0.9677507877349854
0.0265574399381876
0.9898174405097961
0.6463260054588318
0.9971811771392822
0.995394766330719
0.9762980937957764
0.9315705299377441
0.9946093559265137
0.014504862949252129
0.9646333456039429
0.8859775066375732
0.9917140007019043
0.00551699148491025
0.058817628771066666
0.9490500688552856
0.0062747979536652565
0.019470777362585068
0.09006579220294952
0.49206921458244324
0.8239187002182007
0.25115296244621277
0.917981743812561
0.999098539352417
0.9995131492614746
0.9949694275856018
0.974108099937439
0.9904507994651794
0.9851153492927551
0.003324876306578517
0.9329233765602112
0.0019172398606315255
0.9976702332496643
0.6438591480255127
0.9982898831367493
0.9926882982254028
0.592861533164978
0.9954421520233154
0.0464770570397377
0.9999799728393555
0.9485417008399963
0.7755114436149597
0.012344609946012497
0.9823747277259827
0.0025391585659235716
0.9166408777236938
0.9213011264801025
0.9906118512153625
0.6763455271720886
0.32913345098495483
0.9999788999557495
0.3534686267375946
0.9816009998321533
0.9912866950035095
0.010548558086156845
0.03467744588851929
0.9999905824661255
0.000833165249787271
0.0007663001306355
0.9136761426925659
0.023319276049733162
0.03193441405892372
0.001583407516591251
0.9664092063903809
0.9403020739555359
0.7792303562164307
0.9547945261001587
0.9945932030677795
0.8225101828575134
0.06368977576494217
0.9993584752082825
0.9780066013336182
0.9505025744438171
0.9864779710769653
0.12915842235088348
0.2109527289867401
0.9917736649513245
0.9972025156021118
0.31259509921073914
0.9995198249816895
0.00651567755267024
0.9792613387107849
0.07639557868242264
0.9002578258514404
0.05982749164104462
0.6389667987823486
0.0012676597107201815
0.9999316930770874
0.6903946995735168
0.7713815569877625
0.9594569802284241
0.8798742294311523
0.9710780382156372
0.05056373029947281
0.9975601434707642
0.9401962757110596
0.9981514811515808
0.015527209267020226
0.9818333983421326
0.9967293739318848
0.01621830090880394
0.01222223974764347
0.2857230305671692
0.9087483882904053
0.999990701675415
0.011188856326043606
0.7036270499229431
0.9880623817443848
0.9977095127105713
0.0889994204044342
0.9944566488265991
0.6133338212966919
0.993196964263916
0.9784616231918335
0.926072895526886
0.005142200738191605
0.35800206661224365
0.001453376840800047
0.010771125555038452
0.5943014025688171
0.004846380092203617
0.005575185641646385
0.007387794554233551
0.5269910097122192
0.9404309988021851
0.008260702714323997
0.999496579170227
0.17577600479125977
0.5482891201972961
0.9309212565422058
0.9963298439979553
0.23248574137687683
0.7138742804527283
0.9709118008613586
0.02123183012008667
0.008046593517065048
0.018327780067920685
0.8756784200668335
0.84297776222229
0.8106377124786377
0.01116265170276165
0.0017285887151956558
0.9803392291069031
0.9968649744987488
0.9986202716827393
0.9811602234840393
0.1262384057044983
0.009831583127379417
0.890557587146759
0.8476243615150452
0.5341894626617432
0.001106397481635213
0.03201203793287277
0.21648027002811432
0.13772627711296082
0.34587934613227844
0.7950690388679504
0.6097618341445923
0.00785723514854908
0.4826160669326782
0.6585525274276733
0.5510733127593994
0.9493014812469482
0.1703857183456421
0.2311093807220459
0.971581220626831
0.9247571229934692
0.21906381845474243
0.23332178592681885
0.9999061822891235
0.8994833827018738
0.4809987545013428
0.005687195807695389
0.017542432993650436
0.9418924450874329
0.009673942811787128
0.9716646075248718
0.9611144661903381
0.22434891760349274
0.999864935874939
0.9992207288742065
0.012344079092144966
0.9999710321426392
0.9970369338989258
0.9636420607566833
0.980880618095398
0.0036671666894108057
0.009048378095030785
0.938637375831604
0.9553992748260498
0.9670799374580383
0.12671436369419098
0.9322648048400879
0.00365957198664546
0.3408554196357727
0.9496015310287476
0.9288771748542786
0.7539342045783997
0.837007999420166
0.9592490792274475
0.08136310428380966
0.9180454611778259
0.9957140684127808
0.9993420243263245
0.8546234965324402
0.7685577273368835
0.9934861063957214
0.5969233512878418
0.9841259717941284
0.8844212293624878
0.9189356565475464
0.7982257008552551
0.9910625219345093
0.0067245434038341045
0.9930278658866882
0.7957413792610168
0.9956114888191223
0.9899836778640747
0.001959792571142316
0.007355694193392992
0.004114047158509493
0.015177297405898571
0.04429148882627487
0.9988420605659485
0.9992592930793762
0.9986257553100586
0.1087026596069336
0.21061250567436218
0.09752459824085236
0.04824874550104141
0.2467082142829895
0.681984543800354
0.16034306585788727
0.9971932768821716
0.7788945436477661
0.007391785737127066
0.5879707336425781
0.9900161623954773
0.996071457862854
0.9931324124336243
0.43649959564208984
0.9746938347816467
0.9295303225517273
0.01167982630431652
0.975566565990448
0.009408225305378437
0.013161628507077694
0.20231524109840393
0.9322822093963623
0.9998371601104736
0.004830042365938425
0.9877460598945618
0.05352085828781128
0.02212671749293804
0.18613338470458984
0.009280030615627766
0.9999083280563354
0.0060530537739396095
0.1792079210281372
0.9857509136199951
0.011426453478634357
0.013716674409806728
0.6908973455429077
0.12184309214353561
0.9992865920066833
0.9598267078399658
0.9141672253608704
0.03209948167204857
0.9928445219993591
0.8794078230857849
0.7128128409385681
0.862770140171051
0.74444580078125
0.02907669171690941
0.026162730529904366
0.8384356498718262
0.9057589769363403
0.025156117975711823
0.9816749691963196
0.11550537496805191
0.9980173110961914
0.9899572730064392
0.09814122319221497
0.00814172625541687
0.9387871026992798
0.0033119376748800278
0.5582055449485779
0.8834584951400757
0.589813768863678
0.024871323257684708
0.006072950083762407
0.8022574186325073
0.0012856005923822522
0.5277820825576782
0.14216206967830658
0.8487231135368347
0.8687787652015686
0.9693976640701294
0.903490424156189
0.9597579836845398
0.3418608605861664
0.9372423887252808
0.9616150856018066
0.12512117624282837
0.019415147602558136
0.003321112832054496
0.5601372718811035
0.11769421398639679
0.9999312162399292
0.08743536472320557
0.09778354316949844
0.9992896318435669
0.9984182119369507
0.03583072870969772
0.004558618180453777
0.7141714096069336
0.030144385993480682
0.8362078666687012
0.0294447410851717
0.9999996423721313
0.6485660672187805
0.9644704461097717
0.9797356128692627
0.9999971389770508
0.6830750107765198
0.014141062274575233
0.7806657552719116
0.5753582715988159
0.7749401926994324
0.9937428832054138
0.9330990314483643
0.8194897770881653
0.8351483941078186
0.9966303706169128
0.5377400517463684
0.983740508556366
0.6732447743415833
0.6392049193382263
0.24465598165988922
0.9951582551002502
0.5328992009162903
0.006942226551473141
0.6493081450462341
0.6132482290267944
0.4325029253959656
0.18255695700645447
0.004254179075360298
0.01857406459748745
0.9392575621604919
0.9765354990959167
0.010949591174721718
0.4464830458164215
0.8933708071708679
0.9195085167884827
0.9956361651420593
0.9645693898200989
0.9677390456199646
0.9831314086914062
0.9862180352210999
0.07022742927074432
0.00268015218898654
0.45590275526046753
0.9933289289474487
0.16455088555812836
0.9917028546333313
0.003663162002339959
0.9590854048728943
0.999143123626709
0.9228231310844421
0.8322480916976929
0.017366133630275726
0.47967272996902466
0.142490416765213
0.5404273867607117
0.002415313385426998
0.8863282799720764
0.7848193645477295
0.7206070423126221
0.7750553488731384
0.6279415488243103
0.9280717968940735
0.9925325512886047
0.9986224174499512
0.9850778579711914
0.10742565244436264
0.999985933303833
0.9968279004096985
0.9657911658287048
0.8716413378715515
0.02990560419857502
0.9995669722557068
0.008868579752743244
0.9537174701690674
0.45316246151924133
0.9999539852142334
0.9486476182937622
0.8922860026359558
0.06312545388936996
0.005141332279890776
0.6918708682060242
0.9370835423469543
0.0016929793637245893
0.5903107523918152
0.9838089942932129
0.5914580225944519
0.8756792545318604
0.9998395442962646
0.009082990698516369
0.994096040725708
0.8192775845527649
1.0
0.604271411895752
0.7491478323936462
0.7524288892745972
0.0292817335575819
0.1407112181186676
0.5519260168075562
0.4526558816432953
0.6638516187667847
0.9629379510879517
0.9999275207519531
0.944158673286438
0.009443188086152077
0.9408606290817261
0.8041274547576904
0.9230517745018005
0.013165486045181751
0.9734795093536377
0.006660265848040581
0.6793455481529236
0.9943992495536804
0.0013837431324645877
0.8576893210411072
0.024709798395633698
0.48015642166137695
0.9990785121917725
0.9994244575500488
0.032760076224803925
0.9721518754959106
0.9985237717628479
0.8922892212867737
0.06675557047128677
0.011809196323156357
0.783829391002655
0.9748395085334778
0.6708000302314758
0.9240576028823853
0.523993730545044
0.819303035736084
0.05446556955575943
0.9985796213150024
0.7515538930892944
0.04630121961236
0.9900113940238953
0.9994346499443054
0.9886571764945984
0.002912374911829829
0.13265186548233032
0.999948263168335
0.0947813168168068
0.09500813484191895
0.9946504235267639
0.04788901284337044
0.9972088932991028
0.7754848003387451
0.04186531901359558
0.001886878628283739
0.006503145210444927
0.001499329344369471
0.9631912708282471
0.32214200496673584
0.9862637519836426
0.9700242877006531
0.996425211429596
0.041817571967840195
0.08059880882501602
0.9956120252609253
0.273287296295166
0.999832034111023
0.312567800283432
0.9818121790885925
0.7777145504951477
0.9999967813491821
0.976214587688446
0.0019473880529403687
0.1635972261428833
0.11214466392993927
0.998401939868927
0.9893649816513062
0.713726818561554
0.9089812636375427
0.15877188742160797
0.9359745383262634
0.975644588470459
0.5960705280303955
0.037916604429483414
0.08889876306056976
0.9775951504707336
0.7048757672309875
0.9570570588111877
0.0054941363632678986
0.02702394127845764
0.9430425763130188
0.5189692378044128
0.914161741733551
0.9375362992286682
0.0200005155056715
0.006170450709760189
0.013639554381370544
0.9065361618995667
0.0046180118806660175
0.041134048253297806
0.9991708993911743
0.9818971753120422
0.9416738748550415
0.7794402241706848
0.006207828875631094
0.9642786383628845
0.8042408227920532
0.23108814656734467
0.011308224871754646
0.8668920397758484
0.9997634291648865
0.9959004521369934
0.9901239275932312
0.19581088423728943
0.9853335022926331
0.9864034652709961
0.10787978023290634
0.710165798664093
0.9789109230041504
0.9525540471076965
0.6011752486228943
0.0041028764098882675
0.7407240271568298
0.8059408068656921
0.0018922402523458004
0.969875693321228
0.07379772514104843
0.8802700042724609
0.020140359178185463
0.9896929860115051
0.8281932473182678
0.722335159778595
0.02969539351761341
0.02594613842666149
0.9840458631515503
0.9966647028923035
0.007173203397542238
0.46234074234962463
0.022871993482112885
0.7878751158714294
0.8251643180847168
0.002317728940397501
0.9875763654708862
0.32425299286842346
0.9991362690925598
0.13516737520694733
0.22423076629638672
0.9986454844474792
0.9960517287254333
0.9936206936836243
0.9435086250305176
0.40490368008613586
0.002037311904132366
0.02294742688536644
0.16564558446407318
0.90284264087677
0.02338661253452301
0.999925971031189
0.0010750243673101068
0.0020390392746776342
0.9999179840087891
0.008659620769321918
0.6780019998550415
0.007979384623467922
0.13720764219760895
0.5416882038116455
0.9163120985031128
0.9562803506851196
0.9643669724464417
0.6429216861724854
0.9869802594184875
0.9663374423980713
0.19036012887954712
0.9977326393127441
0.004720640834420919
0.29455676674842834
0.027402902022004128
0.9995905756950378
0.28131845593452454
0.9667308926582336
0.009622312150895596
0.006574780214577913
0.6259304881095886
0.01971379667520523
0.011887932196259499
0.9963670969009399
0.07855238020420074
0.9824031591415405
0.008606424555182457
0.9749155044555664
0.8456771969795227
0.9318910241127014
0.09232816845178604
0.6044260859489441
0.003185763256624341
0.025016341358423233
0.04537053778767586
0.995022177696228
0.9789867997169495
0.004469946026802063
0.8652544617652893
0.9967396855354309
0.8593149781227112
0.0016780162695795298
0.06191398203372955
0.9918306469917297
0.45744407176971436
0.5734848976135254
0.0032362586352974176
0.9338459372520447
0.9975324869155884
0.8445332050323486
0.9516567587852478
0.6037006974220276
0.9999140501022339
0.979816198348999
0.010237207636237144
0.9941321015357971
0.7883957624435425
0.9991445541381836
0.9979665279388428
0.5511736273765564
0.24690811336040497
0.9637465476989746
0.48618197441101074
0.9510492086410522
0.20858167111873627
0.9982892870903015
0.007696833927184343
0.9729695916175842
0.6817359328269958
0.962023913860321
0.888134777545929
0.0035731277894228697
0.3301398456096649
0.9942440390586853
0.9676116704940796
0.21663255989551544
0.48547518253326416
0.7634416222572327
0.9904058575630188
0.9951027631759644
0.0010117104975506663
0.9700934886932373
0.05703524127602577
0.0033548527862876654
0.4561046063899994
0.44098135828971863
0.9958066940307617
0.004052193369716406
0.21299803256988525
0.09323341399431229
0.994090735912323
0.22915591299533844
0.9867929220199585
0.022754400968551636
0.5759934782981873
0.1372835338115692
0.0013747075572609901
0.9942867159843445
0.03524232655763626
0.8559458255767822
0.8962587118148804
0.7655851244926453
0.9995071887969971
0.9959761500358582
0.9518653750419617
0.22592973709106445
0.6221945881843567
0.9999995231628418
0.25042274594306946
0.001532228197902441
0.9971826076507568
0.9956254959106445
0.004218691494315863
0.23331768810749054
0.021528715267777443
0.3564395308494568
0.8792743682861328
0.9999415874481201
0.49459171295166016
0.7012903094291687
0.020357143133878708
0.7089493870735168
0.9852209687232971
0.9882859587669373
0.09678559005260468
0.008743991144001484
0.9899022579193115
0.5642583966255188
0.16550101339817047
0.9726682305335999
0.0020608166232705116
0.9920767545700073
0.009263679385185242
0.007260110229253769
0.016682740300893784
0.006276343949139118
0.6019512414932251
0.8078778982162476
0.023188643157482147
0.950676441192627
0.9961502552032471
0.9578104019165039
0.9884448051452637
0.979904055595398
0.9397795796394348
0.990213930606842
0.910540759563446
0.8219959735870361
0.8877133727073669
0.9410718083381653
0.9985907673835754
0.00867359060794115
0.05821919068694115
0.009443637914955616
0.8215051889419556
0.06986396759748459
0.9998441934585571
0.8810377717018127
0.9039537906646729
0.5900501608848572
0.9940806031227112
0.9922588467597961
0.5964357852935791
0.9969546794891357
0.07925465703010559
0.7344974279403687
0.8446858525276184
0.9313496947288513
0.006125953514128923
0.0030621502082794905
0.9813201427459717
0.0033016973175108433
0.6220777630805969
0.6679702401161194
0.9648532867431641
0.915254533290863
0.9590331315994263
0.8493444323539734
0.9912386536598206
0.07714568078517914
0.2754193842411041
0.9989281296730042
0.013169222511351109
0.00488298200070858
0.9981447458267212
0.9999600648880005
0.24410304427146912
0.01128956489264965
0.009298712946474552
0.5842383503913879
0.510675847530365
0.9981745481491089
0.977700412273407
0.9952632188796997
0.9617925882339478
0.732127845287323
0.9868849515914917
0.009703380055725574
0.8128165602684021
0.14046315848827362
0.9943687319755554
0.27462372183799744
0.3789065480232239
0.9555665254592896
0.9652904868125916
0.8483378291130066
0.04698530584573746
0.5598140954971313
0.0087573928758502
0.9979193806648254
0.4072149097919464
0.9563542604446411
0.9838505387306213
0.6253946423530579
0.9964545965194702
0.001875920221209526
0.9968156218528748
0.9961491823196411
0.963108241558075
0.645366907119751
0.4788707196712494
0.7653737664222717
0.013235993683338165
0.9999576807022095
0.9678961634635925
0.9679750204086304
0.02434000000357628
0.7008163928985596
0.27075502276420593
0.8530689477920532
0.0035194996744394302
0.59356290102005
0.9663997888565063
0.013853013515472412
0.8723905086517334
0.8322806358337402
0.0690435990691185
0.14359650015830994
0.9759609699249268
0.9644931554794312
0.8986961841583252
0.9461513161659241
0.010485993698239326
0.6286709904670715
0.558505654335022
0.05637364462018013
0.010505381971597672
0.9321011900901794
0.99722820520401
0.9999997615814209
0.9734532833099365
0.003426339477300644
0.997127115726471
0.4128689765930176
0.01280641183257103
0.004131397232413292
0.008775167167186737
0.9943905472755432
0.999643087387085
0.9950811862945557
0.9988273978233337
0.8078937530517578
0.16035142540931702
0.6241862773895264
0.9696497917175293
0.0007981581729836762
0.08134828507900238
0.9997194409370422
0.006212884560227394
0.9315961599349976
0.9940375089645386
0.8339238166809082
0.9975394010543823
0.7341678738594055
0.8753334879875183
0.9936602711677551
0.0915004312992096
0.9213778376579285
0.43557897210121155
0.9984471201896667
0.0018956647254526615
0.3330998718738556
0.0028966155368834734
0.0773463249206543
0.005939120426774025
0.003949497826397419
0.8780128955841064
0.012621765024960041
0.018075572326779366
0.9509872198104858
0.09152289479970932
0.3405817151069641
0.002067528199404478
0.005262733902782202
0.006946744862943888
0.8433991074562073
0.2321491688489914
0.19201688468456268
0.9850276708602905
0.9784702062606812
0.9971545934677124
0.7547708749771118
0.46845540404319763
0.34776273369789124
0.02324887365102768
0.01665477640926838
0.999829888343811
0.998746395111084
0.020965496078133583
0.9999432563781738
0.9958862662315369
0.02817469649016857
0.9967735409736633
0.9894053339958191
0.7081348299980164
0.25121694803237915
0.014140809886157513
0.004131899680942297
0.7987121939659119
0.0018893633969128132
0.662224292755127
0.2538576126098633
0.12768897414207458
0.998263418674469
0.6957921981811523
0.9919973015785217
0.008718370459973812
0.06908343732357025
0.19806629419326782
0.001239500124938786
0.9154927730560303
0.9821037650108337
0.9945530891418457
0.8496198654174805
0.9939002990722656
0.17357635498046875
0.4700387716293335
0.718326210975647
0.6491613984107971
0.7689037919044495
0.7968969345092773
0.17017559707164764
0.023039570078253746
0.9824277758598328
0.6108162999153137
0.9731993079185486
0.0031338210683315992
0.9792583584785461
0.9949615001678467
0.8925178050994873
0.006137245800346136
0.00899017695337534
0.008416255004703999
0.0014373371377587318
0.022188929840922356
0.620079517364502
0.5609805583953857
0.8492428660392761
0.8713448643684387
0.9970788955688477
0.6869277358055115
0.11581000685691833
0.023046037182211876
0.017564324662089348
0.8661552667617798
0.9952452778816223
0.990594744682312
0.9018999934196472
0.9996700286865234
0.005250541493296623
0.7646631002426147
0.006116029340773821
0.9976354837417603
0.9926570057868958
0.011244634166359901
0.2700876295566559
0.008120701648294926
0.9999755620956421
0.2959221303462982
0.6476989984512329
0.005627406295388937
0.0015334280906245112
0.9957691431045532
0.7836970686912537
0.5224368572235107
0.7832526564598083
0.9380438327789307
0.16666708886623383
0.010933207347989082
0.997835099697113
0.938502848148346
0.15140590071678162
0.9254088401794434
0.030097726732492447
0.4861254394054413
0.0014807843836024404
0.9995083808898926
0.9978930354118347
0.4048577547073364
0.0367155484855175
0.8863040208816528
0.011473885737359524
0.9668020606040955
0.9965168237686157
0.21121147274971008
0.013169446028769016
0.6677554845809937
0.9618281126022339
0.9709082245826721
0.559666633605957
0.4493407905101776
0.3503957688808441
0.4176933765411377
0.9957921504974365
0.9686040282249451
0.9167173504829407
0.6455544829368591
0.9842594265937805
0.0424794927239418
0.9335888028144836
0.08026587963104248
0.9604315757751465
0.9903532266616821
0.932888925075531
0.008294311352074146
0.855657160282135
0.9604491591453552
0.027013087645173073
0.006794139742851257
0.825446605682373
0.9187653660774231
0.007071796339005232
0.97635817527771
0.9504486918449402
0.048918481916189194
0.8948667645454407
0.9232732653617859
0.13763141632080078
0.003698689164593816
0.006048522889614105
0.8693034648895264
0.9229869842529297
0.6052612662315369
0.9742888808250427
0.031411897391080856
0.019388874992728233
0.021059084683656693
0.9978121519088745
0.038645144551992416
0.13787323236465454
0.5304380059242249
0.12260918319225311
0.9786186218261719
0.9140603542327881
0.6862244606018066
0.006404510233551264
0.3985069990158081
0.5399367213249207
0.9991636276245117
0.008075447753071785
0.9574295282363892
0.9970965385437012
0.9750434756278992
0.16125163435935974
0.010709165595471859
0.00487062893807888
0.9557181596755981
0.2670283317565918
0.8940156698226929
0.1306706964969635
0.8079084753990173
0.21686944365501404
0.589195191860199
0.2017398327589035
0.9970182180404663
0.6000747680664062
0.9637981653213501
0.6922299861907959
0.0494268462061882
0.9905904531478882
0.5593782663345337
0.9999996423721313
0.9397498965263367
0.999762237071991
0.0347791388630867
0.7372047901153564
0.984837532043457
0.9457687139511108
0.9742138981819153
0.6262620091438293
0.990818440914154
0.0044742426835000515
0.9999998807907104
0.09977646172046661
0.9862267374992371
0.8404909372329712
0.7946315407752991
0.024853501468896866
0.9993348717689514
0.9996590614318848
0.9874542951583862
0.5522199869155884
0.005963964853435755
0.4402102828025818
0.9990026354789734
0.015249439515173435
0.03586504980921745
0.8891264200210571
0.9998633861541748
0.013867860659956932
0.9730307459831238
0.935462236404419
0.36365050077438354
0.003809962887316942
0.9993048906326294
0.9988952279090881
0.9973837733268738
0.8493472933769226
0.9996896982192993
0.5203388929367065
0.9917225241661072
0.12230025231838226
0.010478762909770012
0.5384495258331299
0.009983353316783905
0.014822280034422874
0.9384294748306274
0.8805499076843262
0.9978760480880737
0.982298731803894
0.9977582097053528
0.6020731925964355
0.9870465993881226
0.46067988872528076
0.0079722311347723
0.9982097148895264
0.006936286110430956
0.45353347063064575
0.7823799848556519
0.8958085179328918
0.007938669994473457
0.9969044327735901
0.5178177952766418
0.7210167050361633
0.012859207578003407
0.1387030929327011
0.6615332365036011
0.6299861669540405
0.0012294925982132554
0.0011212794343009591
0.04953809082508087
0.9981683492660522
0.3458426892757416
0.6367421746253967
0.9660864472389221
0.0017897962825372815
0.9908535480499268
0.9910352826118469
0.5552553534507751
0.9488810896873474
0.1014876738190651
0.42882394790649414
0.05641679838299751
0.6721042394638062
0.15437808632850647
0.9057222008705139
0.9818755984306335
0.004904856439679861
0.9983435869216919
0.9277703166007996
0.32027825713157654
0.0034638133365660906
0.48620903491973877
0.9690491557121277
0.034547362476587296
0.04430756717920303
0.6674036383628845
0.9994863271713257
0.9885568618774414
0.0022769656497985125
0.8535099029541016
0.7467968463897705
0.1206551045179367
0.983871340751648
0.037772469222545624
0.6970335841178894
0.0059326160699129105
0.03113255649805069
0.8115531206130981
0.003659780602902174
0.8002855777740479
0.003772130934521556
0.0011380526702851057
0.006468841806054115
0.7534493207931519
0.0026720373425632715
0.0022444948554039
0.013493476435542107
0.6342451572418213
0.0014247646322473884
0.0013932143338024616
0.17225345969200134
0.0061510768719017506
0.02552041783928871
0.015333566814661026
0.0026509505696594715
0.013665379956364632
0.07772073894739151
0.01766098290681839
0.010686949826776981
0.3799014985561371
0.002195840934291482
0.006365871522575617
0.09395542740821838
0.0017788325203582644
0.9298878908157349
0.0013865198707208037
0.0046225800178945065
0.012966138310730457
0.017705513164401054
0.6677761077880859
0.02230967953801155
0.9426529407501221
0.001105329254642129
0.7087192535400391
0.9871512651443481
0.0027942447923123837
0.019426824524998665
0.024516351521015167
0.005684699863195419
0.35504424571990967
0.739801287651062
0.08607780188322067
0.5611146688461304
0.2511840760707855
0.036665912717580795
0.003334969747811556
0.003977024927735329
0.6260946393013
0.710262656211853
0.028471605852246284
0.11766713112592697
0.0035771976690739393
0.6422197818756104
0.003731158562004566
0.002269887598231435
0.005723051726818085
0.002471120562404394
0.013869138434529305
0.06271851062774658
0.09156367927789688
0.04397178441286087
0.8540679812431335
0.003616236848756671
0.9432917833328247
0.011161083355545998
0.9291673898696899
0.003325836965814233
0.006568398792296648
0.03585796803236008
0.0018368932651355863
0.05786595866084099
0.8095681667327881
0.10785722732543945
0.009840142913162708
0.008053744211792946
0.0908656045794487
0.002914153505116701
0.00973523035645485
0.059469930827617645
0.06996918469667435
0.5706421136856079
0.012612675316631794
0.027285806834697723
0.009986908175051212
0.001110369456000626
0.07178753614425659
0.0254665594547987
0.0056737130507826805
0.003881138749420643
0.0019330187933519483
0.0011279925238341093
0.0018291649175807834
0.3573932945728302
0.06696867197751999
0.009456350468099117
0.016640428453683853
0.04854777082800865
0.010384805500507355
0.01405184343457222
0.005713985301554203
0.18058322370052338
0.010767844505608082
0.0521848089993
0.003247692249715328
0.0054344069212675095
0.006222307216376066
0.8657929301261902
0.6358734369277954
0.034494269639253616
0.005853344686329365
0.06227594614028931
0.013854863122105598
0.0041839322075247765
0.005361126735806465
0.45239096879959106
0.5578919053077698
0.0033156576100736856
0.02273201383650303
0.0037566807586699724
0.005235832650214434
0.010149490088224411
0.0061374204233288765
0.072791188955307
0.2568216919898987
0.0031530275009572506
0.002647420624271035
0.4093996584415436
0.022786948829889297
0.054477788507938385
0.004015419632196426
0.04797425866127014
0.1088545024394989
0.9837663173675537
0.0052390675991773605
0.11023980379104614
0.12425427883863449
0.007571800146251917
0.00993303768336773
0.0027859651017934084
0.011403799057006836
0.0070271966978907585
0.5255120396614075
0.016257690265774727
0.453530490398407
0.0071724518202245235
0.027330493554472923
0.05246531218290329
0.07087842375040054
0.007737349718809128
0.03785756975412369
0.0108021330088377
0.0198403000831604
0.04818561673164368
0.35285571217536926
0.02329551987349987
0.010352815501391888
0.02785797230899334
0.001869571628049016
0.2697865962982178
0.025010645389556885
0.0030048543121665716
0.028397085145115852
0.0012027336051687598
0.029921086505055428
0.009905422106385231
0.0018998385639861226
0.13718591630458832
0.008345293812453747
0.8147337436676025
0.1759588122367859
0.03904841095209122
0.13601389527320862
0.2185927778482437
0.021830841898918152
0.005713649559766054
0.002629899885505438
0.001186917070299387
0.02265411987900734
0.0012342809932306409
0.0025306586176156998
0.09066672623157501
0.007049632258713245
0.1170722246170044
0.7197126746177673
0.07254115492105484
0.035429246723651886
0.0020775720477104187
0.004341516178101301
0.4140865206718445
0.007777753751724958
0.8031661510467529
0.011623418889939785
0.04180124029517174
0.004537005443125963
0.037175681442022324
0.8871272802352905
0.028666911646723747
0.006105832289904356
0.041702866554260254
0.03998551145195961
0.005094663240015507
0.9287029504776001
0.013503343798220158
0.008629773743450642
0.016034187749028206
0.0487329438328743
0.08831612765789032
0.17886264622211456
0.025125648826360703
0.0028251397889107466
0.0543699748814106
0.03742757812142372
0.002268305281177163
0.009605450555682182
0.003083781572058797
0.34373193979263306
0.0026845759712159634
0.0017642882885411382
0.011004033498466015
0.007862343452870846
0.001827393309213221
0.0019956903997808695
0.014185256324708462
0.03222474828362465
0.006015336140990257
0.013529641553759575
0.014242878183722496
0.0011265212669968605
0.006509803235530853
0.002436721930280328
0.005627273116260767
0.006688946392387152
0.8306347131729126
0.01298398245126009
0.004636550322175026
0.026387736201286316
0.07140239328145981
0.004277126397937536
0.002958732657134533
0.05735109746456146
0.0163681972771883
0.007354353554546833
0.0040625911206007
0.22189585864543915
0.011954395100474358
0.4413501024246216
0.002552373567596078
0.004637939389795065
0.0014826060505583882
0.021380143240094185
0.01694805733859539
0.8445914387702942
0.8539896607398987
0.1756390631198883
0.005062704440206289
0.9766029119491577
0.006056603509932756
0.005764568690210581
0.0032745744101703167
0.02997487597167492
0.030000435188412666
0.01855868473649025
0.8097185492515564
0.3717033565044403
0.7524126768112183
0.02340397611260414
0.004911759868264198
0.020838379859924316
0.004863077308982611
0.018097691237926483
0.012318857945501804
0.02510738931596279
0.00830998457968235
0.0055475858971476555
0.0024607800878584385
0.002009945223107934
0.020670780912041664
0.005662786308676004
0.21881023049354553
0.02104518935084343
0.012439076788723469
0.13433514535427094
0.03723043575882912
0.006393456365913153
0.0017222630558535457
0.9797255396842957
0.04858968034386635
0.0009631810826249421
0.0015138851013034582
0.024806082248687744
0.0017509543104097247
0.016150666400790215
0.5937000513076782
0.01567000150680542
0.27269184589385986
0.0107101546600461
0.42969435453414917
0.010425154119729996
0.11903537809848785
0.30323153734207153
0.06852075457572937
0.003762742504477501
0.02780071459710598
0.06595386564731598
0.0022978102788329124
0.026394052430987358
0.8538861870765686
0.007700229529291391
0.0013418454909697175
0.010453851893544197
0.014647431671619415
0.020698798820376396
0.050077181309461594
0.010652359575033188
0.01535011362284422
0.2530703842639923
0.005544187966734171
0.03404596447944641
0.032631389796733856
0.053703080862760544
0.21251153945922852
0.5944544672966003
0.02137758769094944
0.007713561411947012
0.00980533380061388
0.001126011717133224
0.022508060559630394
0.020198658108711243
0.04712693765759468
0.0040193842723965645
0.06639349460601807
0.014864655211567879
0.9559949636459351
0.006700348574668169
0.005078518763184547
0.2780874967575073
0.033782947808504105
0.04159572347998619
0.08618719130754471
0.038483913987874985
0.32598116993904114
0.4426392912864685
0.004010929260402918
0.017098000273108482
0.46838557720184326
0.5899072885513306
0.0031351055949926376
0.004335744772106409
0.39054256677627563
0.29702481627464294
0.0032470684964209795
0.014156891964375973
0.005982501432299614
0.07768890261650085
0.14314816892147064
0.0012944136979058385
0.030439533293247223
0.0020879721269011497
0.471245676279068
0.0028481469489634037
0.002004338428378105
0.23898068070411682
0.0022858025040477514
0.0014229165390133858
0.041943687945604324
0.03953297808766365
0.007242383901029825
0.14690543711185455
0.004359456244856119
0.26029065251350403
0.2301260083913803
0.03582553565502167
0.002021040301769972
0.5249298214912415
0.38728734850883484
0.03830847144126892
0.04981224238872528
0.04740249365568161
0.010853002779185772
0.634552538394928
0.6953012347221375
0.07666081935167313
0.018414365127682686
0.005972098093479872
0.015551378019154072
0.005778342019766569
0.004372934345155954
0.13886210322380066
0.20402194559574127
0.0033619932364672422
0.8236870765686035
0.8797111511230469
0.3578568994998932
0.02052346058189869
0.013513632118701935
0.006468663923442364
0.00890080165117979
0.004293549805879593
0.3774793744087219
0.1370478868484497
0.02922636643052101
0.014199907891452312
0.007799000013619661
0.001625196891836822
0.028669055551290512
0.03565945848822594
0.4604831039905548
0.0276047196239233
0.01508302427828312
0.2700152099132538
0.19424258172512054
0.0021108584478497505
0.006914406083524227
0.02608904056251049
0.09289973229169846
0.058596931397914886
0.0014440914383158088
0.3112794756889343
0.04020175337791443
0.0021406339947134256
0.10598070174455643
0.001619884860701859
0.013193381018936634
0.7894774079322815
0.020880458876490593
0.08916590362787247
0.005291039124131203
0.008350729942321777
0.09746541827917099
0.5947103500366211
0.07518477737903595
0.8374226093292236
0.029781123623251915
0.009929440915584564
0.007319271564483643
0.02260785922408104
0.004599955398589373
0.0013852305710315704
0.0040522669441998005
0.0019007156370207667
0.006195098161697388
0.003193981247022748
0.013352042995393276
0.002291189506649971
0.0033867834135890007
0.011319665238261223
0.14883336424827576
0.003820049809291959
0.008376847952604294
0.4918712377548218
0.012838522903621197
0.003940215799957514
0.4207206964492798
0.011290384456515312
0.06075231358408928
0.0061498526483774185
0.004628821741789579
0.0025387261994183064
0.004889944568276405
0.0009923952165991068
0.0033972435630857944
0.007832249626517296
0.018486319109797478
0.00948643870651722
0.001251236884854734
0.0010766119230538607
0.0398634634912014
0.8833935260772705
0.005814135540276766
0.025471871718764305
0.06748943030834198
0.35642001032829285
0.7321545481681824
0.043737299740314484
0.16582509875297546
0.0011173418024554849
0.03949343413114548
0.012936464510858059
0.0013037801254540682
0.3566693365573883
0.03568224608898163
0.002637051045894623
0.4158228039741516
0.021634044125676155
0.003519173711538315
0.004725558217614889
0.003220054553821683
0.0342407189309597
0.01048476155847311
0.15918941795825958
0.3045850396156311
0.9320228099822998
0.03272520378232002
0.04056121036410332
0.10672745108604431
0.024396821856498718
0.0034227361902594566
0.00507414061576128
0.003997949417680502
0.007023477926850319
0.22857581079006195
0.34478631615638733
0.02353229746222496
0.01987263187766075
0.0012565437937155366
0.0010371898533776402
0.001500719110481441
0.7561290860176086
0.012828035280108452
0.0009373272187076509
0.08841904997825623
0.006470748223364353
0.006048591807484627
0.07337836921215057
0.010613319464027882
0.003056699177250266
0.020669136196374893
0.2927858829498291
0.04017089307308197
0.2354215532541275
0.04397044703364372
0.8929599523544312
0.9858055710792542
0.008560377173125744
0.6058864593505859
0.2536170482635498
0.0034867196809500456
0.04724845662713051
0.03794100135564804
0.04916846752166748
0.021600952371954918
0.06916946917772293
0.011780663393437862
0.003536002244800329
0.0037897757720202208
0.001032371772453189
0.0072893667966127396
0.9607269763946533
0.00364027195610106
0.029686877503991127
0.4076186716556549
0.07043985277414322
0.05923840031027794
0.0052968477830290794
0.06545218825340271
0.09783200174570084
0.9590904712677002
0.033875614404678345
0.0014174222014844418
0.14940501749515533
0.03182042017579079
0.23167333006858826
0.0012382789282128215
0.00680945347994566
0.04198850691318512
0.017383156344294548
0.008189234882593155
0.0012698136270046234
0.9817805886268616
0.03296389803290367
0.5665931105613708
0.015098601579666138
0.03435755893588066
0.00439625047147274
0.009049035608768463
0.11040112376213074
0.01566203124821186
0.9714300036430359
0.0015180252958089113
0.019720619544386864
0.06782115995883942
0.0025516152381896973
0.022448847070336342
0.16961924731731415
0.0068666450679302216
0.02331657148897648
0.03979877009987831
0.11533801257610321
0.9925042390823364
0.14538167417049408
0.003150555770844221
0.06148648262023926
0.001181703875772655
0.14618250727653503
0.0014601590810343623
0.07910990715026855
0.010065444745123386
0.18574553728103638
0.008549915626645088
0.8674684166908264
0.0876418724656105
0.08712352067232132
0.0067780278623104095
0.10492441058158875
0.0012008710764348507
0.11439497023820877
0.7734146118164062
0.00537542998790741
0.007793969474732876
0.0026050428859889507
0.028946585953235626
0.01881253533065319
0.008479958400130272
0.010330190882086754
0.0072089796885848045
0.1146220788359642
0.003266804851591587
0.004066841676831245
0.06434845924377441
0.00840916857123375
0.013961749151349068
0.0008799255592748523
0.005792549345642328
0.0020079489331692457
0.03089303709566593
0.021706534549593925
0.004538698587566614
0.002659211168065667
0.5721505880355835
0.006268289405852556
0.02065795287489891
0.0014945041621103883
0.0008400448132306337
0.27438732981681824
0.012008334510028362
0.550412118434906
0.0040261284448206425
0.18394838273525238
0.014152126386761665
0.006060408428311348
0.5613893270492554
0.820213258266449
0.0021527623757719994
0.0056219445541501045
0.5750795006752014
0.6794157028198242
0.8900675177574158
0.009143487550318241
0.2636018991470337
0.42964375019073486
0.12698529660701752
0.012985093519091606
0.7742010951042175
0.05308905988931656
0.4357028603553772
0.01684742607176304
0.041451286524534225
0.024179968982934952
0.002909664995968342
0.006482708267867565
0.0055314465425908566
0.007894724607467651
0.06262325495481491
0.01754034496843815
0.01743018999695778
0.0008228343212977052
0.0016421456821262836
0.005867313127964735
0.1794910728931427
0.8138200640678406
0.0007029178668744862
0.2037641704082489
0.7386561036109924
0.003651244333013892
0.014110434800386429
0.004634009208530188
0.4082225263118744
0.04322515428066254
0.03486497700214386
0.009501827880740166
0.001977719599381089
0.0044222124852240086
0.002796394284814596
0.6578912138938904
0.01601291075348854
0.7738093137741089
0.003420323831960559
0.009614391252398491
0.15411289036273956
0.6821439266204834
0.6652860641479492
0.7282687425613403
0.8445203304290771
0.0027820307295769453
0.06518133729696274
0.007829844951629639
0.012690632604062557
0.002209750935435295
0.30449429154396057
0.006498648319393396
0.005050762090831995
0.008114632219076157
0.35063666105270386
0.5176708698272705
0.04684976488351822
0.0032118293456733227
0.024869993329048157
0.010830308310687542
0.018608523532748222
0.015474076382815838
0.010181141085922718
0.014371938072144985
0.01014825701713562
0.1870163381099701
0.05260792374610901
0.9465966820716858
0.008132674731314182
0.03254997357726097
0.002395930700004101
0.0026225033216178417
0.07327558100223541
0.00871815625578165
0.0016517380718141794
0.014283719472587109
0.04581427946686745
0.5460121631622314
0.32602840662002563
0.04174194112420082
0.010006141848862171
0.007967518642544746
0.01794075407087803
0.35117384791374207
0.009273347444832325
0.0035149287432432175
0.006733134854584932
0.6464298963546753
0.4265250563621521
0.8594402074813843
0.03754916414618492
0.0011883910046890378
0.787987232208252
0.8953034281730652
0.007714560721069574
0.5478858351707458
0.03711497411131859
0.9273358583450317
0.12326499819755554
0.003167168004438281
0.0056892018765211105
0.0036658640019595623
0.014184816740453243
0.03608802333474159
0.12661753594875336
0.7134695053100586
0.02622188813984394
0.0009124437347054482
0.00746019184589386
0.11607224494218826
0.012241355143487453
0.005439218133687973
0.5567718744277954
0.0553986057639122
0.004544879775494337
0.018783217296004295
0.0015214158920571208
0.00696735130622983
0.010173517279326916
0.016980675980448723
0.00638495571911335
0.2168205976486206
0.13086098432540894
0.6539872884750366
0.17666181921958923
0.1164349615573883
0.6456863284111023
0.002600638661533594
0.7597678899765015
0.03622078895568848
0.30143412947654724
0.001809141132980585
0.0024898089468479156
0.20172837376594543
0.49084171652793884
0.005360069219022989
0.03200320899486542
0.005079145543277264
0.006886737421154976
0.9594215154647827
0.0015619909390807152
0.006826772820204496
0.01162664033472538
0.16107337176799774
0.009238322265446186
0.19714930653572083
0.027398057281970978
0.009181843139231205
0.44981661438941956
0.0024769429583102465
0.01123180240392685
0.15807199478149414
0.0033312311861664057
0.0032717834692448378
0.7324250936508179
0.011716347187757492
0.012971825897693634
0.00984672736376524
0.01713673770427704
0.005675984546542168
0.025477208197116852
0.27579644322395325
0.16959358751773834
0.9877053499221802
0.9836181998252869
0.05230104550719261
0.2932065725326538
0.01254219189286232
0.7812667489051819
0.0119483582675457
0.0280391164124012
0.025470396503806114
0.006885593291372061
0.001038751215673983
0.02482297644019127
0.07954362034797668
0.012678761035203934
0.0018050865037366748
0.005713303107768297
0.008822710253298283
0.36347976326942444
0.0034727626480162144
0.026138490065932274
0.06770812720060349
0.0034208763390779495
0.005550980102270842
0.013694191351532936
0.012157931923866272
0.0585486963391304
0.17682413756847382
0.015210705809295177
0.006345938425511122
0.008048884570598602
0.005805589258670807
0.0505463071167469
0.030834337696433067
0.0443074032664299
0.5952746272087097
0.0022286102175712585
0.0034119596239179373
0.01330878958106041
0.0033137814607471228
0.02996070496737957
0.24932651221752167
0.009469115175306797
0.03596816584467888
0.01744011417031288
0.0011713911080732942
0.0029291301034390926
0.0014128145994618535
0.5912843942642212
0.29151010513305664
0.014195368625223637
0.003568566869944334
0.5218930840492249
0.04831729829311371
0.978966474533081
0.11197346448898315
0.020914427936077118
0.009294403716921806
0.052117712795734406
0.014016061089932919
0.004199086222797632
0.8843169212341309
0.32647696137428284
0.006945929490029812
0.0026153861545026302
0.005993800703436136
0.005399898625910282
0.010050727054476738
0.002214902313426137
0.002520009409636259
0.014983680099248886
0.005061527714133263
0.003046239959076047
0.09954220801591873
0.03403737023472786
0.00968881044536829
0.005952439736574888
0.003505175234749913
0.327557235956192
0.21747183799743652
0.8891229033470154
0.6571844816207886
0.004150459077209234
0.002488731872290373
0.004084477666765451
0.0055267405696213245
0.007231764495372772
0.00263778492808342
0.003965809941291809
0.06147057190537453
0.043038852512836456
0.0021931598894298077
0.025095783174037933
0.0013605704298242927
0.045146260410547256
0.003757969243451953
0.08827283978462219
0.01828164793550968
0.0758066326379776
0.0899771973490715
0.021458258852362633
0.003543614409863949
0.0486697293817997
0.040318023413419724
0.03749378025531769
0.0016792253591120243
0.1040695458650589
0.011796961538493633
0.008571663871407509
0.013731815852224827
0.002678144024685025
0.007115153130143881
0.02086121216416359
0.0014861001400277019
0.005316666793078184
0.9199095964431763
0.7175008058547974
0.43253591656684875
0.31481292843818665
0.5840820074081421
0.6104026436805725
0.007143492344766855
0.01662326231598854
0.0040353937074542046
0.004775675013661385
0.0023682655300945044
0.0019517135806381702
0.06929837912321091
0.995506763458252
0.007410547696053982
0.9801535606384277
0.01808183640241623
0.04295157268643379
0.008784671314060688
0.0022726538591086864
0.0011992267100140452
0.8636438250541687
0.006986158899962902
0.009008693508803844
0.00412730872631073
0.3440198600292206
0.008302128873765469
0.16544339060783386
0.006630871910601854
0.23506414890289307
0.22218699753284454
0.9771546721458435
0.012699190527200699
0.1981053352355957
0.020285815000534058
0.02500695362687111
0.04227592423558235
0.5074810981750488
0.4282347559928894
0.004384192638099194
0.036590706557035446
0.9549767971038818
0.010648179799318314
0.001676524174399674
0.0032253542449325323
0.3891201317310333
0.004572282079607248
0.005475908052176237
0.004645826760679483
0.0027065714821219444
0.7510071396827698
0.7032767534255981
0.00960486102849245
0.0042402776889503
0.0038166034501045942
0.0014126328751444817
0.01690749265253544
0.00805913656949997
0.10771269351243973
0.00637213047593832
0.007603461854159832
0.06865530461072922
0.13080957531929016
0.014874872751533985
0.029822010546922684
0.18169212341308594
0.029236027970910072
0.008076922036707401
0.01508225779980421
0.49116361141204834
0.365690678358078
0.005039578769356012
0.02270570769906044
0.0038525552954524755
0.01878185197710991
0.00616193562746048
0.004646060056984425
0.004346870817244053
0.9464324116706848
0.5189549922943115
0.5396466255187988
0.5690159201622009
0.18369731307029724
0.5592250823974609
0.8953987956047058
0.5521525740623474
0.4735203981399536
0.7986935377120972
0.31645727157592773
0.6604422330856323
0.30454328656196594
0.4278937578201294
0.646848738193512
0.02043849416077137
0.020421165972948074
0.4351515471935272
0.006867995485663414
0.011467115953564644
0.0010768602369353175
0.010821112431585789
0.09012612700462341
0.2578372061252594
0.015283617191016674
0.028472401201725006
0.01163918524980545
0.001952971564605832
0.10493653267621994
0.0024557821452617645
0.001577602350153029
0.002501902636140585
0.24291938543319702
0.0038187908940017223
0.002051432617008686
0.005813672672957182
0.0013820100575685501
0.02386387251317501
0.13593918085098267
0.002649985020980239
0.0030874148942530155
0.029211051762104034
0.0324864462018013
0.48115289211273193
0.056127965450286865
0.2551705241203308
0.2816169559955597
0.07961976528167725
0.0023607388138771057
0.5332233309745789
0.026503879576921463
0.4543831944465637
0.9231446385383606
0.00497535290196538
0.004553796257823706
0.004889329429715872
0.007026976905763149
0.29054293036460876
0.033895913511514664
0.011381854303181171
0.7044817805290222
0.0073596709407866
0.046087030321359634
0.0019507571123540401
0.058816179633140564
0.01324934046715498
0.04294062405824661
0.0014298828318715096
0.10942934453487396
0.9000850319862366
0.002469116123393178
0.0058469162322580814
0.02917413040995598
0.018315721303224564
0.011249672621488571
0.006745378952473402
0.006321974564343691
0.00649734353646636
0.00989410188049078
0.8415443301200867
0.7182669043540955
0.027023935690522194
0.014934102073311806
0.018692871555685997
0.005785035900771618
0.7195901274681091
0.6756938695907593
0.6537401676177979
0.7986080050468445
0.7672476172447205
0.6706158518791199
0.23822498321533203
0.9321532845497131
0.3726601302623749
0.725525438785553
0.010741880163550377
0.02278095670044422
0.23836903274059296
0.006129159592092037
0.9531605839729309
0.008970639668405056
0.7912312746047974
0.006253005471080542
0.006714476738125086
0.05614994466304779
0.006378672551363707
0.5414791107177734
0.008375296369194984
0.0151676582172513
0.04837008938193321
0.013404574245214462
0.20541195571422577
0.000953737529926002
0.00700828991830349
0.007063791621476412
0.3655001223087311
0.00582263944670558
0.43785086274147034
0.10639718919992447
0.34272563457489014
0.01897776871919632
0.02171613834798336
0.018791744485497475
0.005459624342620373
0.5324112772941589
0.006867259740829468
0.9061907529830933
0.7960350513458252
0.02292618714272976
0.6319072842597961
0.010961190797388554
0.022389253601431847
0.020705901086330414
0.9126083254814148
0.01781977340579033
0.007312782108783722
0.022194502875208855
0.002811362501233816
0.03245798870921135
0.013009869493544102
0.004673648625612259
0.0013168436707928777
0.016738690435886383
0.07682223618030548
0.3408809006214142
0.24491643905639648
0.8496912121772766
0.6335700154304504
0.8216410279273987
0.8434181213378906
0.29666629433631897
0.005119331181049347
0.006002264097332954
0.002461053663864732
0.009107915684580803
0.28352996706962585
0.5669321417808533
0.6724932193756104
0.5334584712982178
0.006712826434522867
0.023164408281445503
0.16398729383945465
0.004908101633191109
0.05861959978938103
0.3479745388031006
0.003036313457414508
0.0027627437375485897
0.005040870513767004
0.00947238877415657
0.0007216318626888096
0.0013775003608316183
0.001443205401301384
0.12704910337924957
0.013339650817215443
0.05141067132353783
0.4885973036289215
0.015949733555316925
0.0025578057393431664
0.004675356205552816
0.009192826226353645
0.17044010758399963
0.815631628036499
0.0035991454496979713
0.011487511917948723
0.883056104183197
0.021046943962574005
0.5699255466461182
0.04618716239929199
0.04989052563905716
0.002246065065264702
0.014681164175271988
0.4118306636810303
0.1339094489812851
0.010295411571860313
0.005626742262393236
0.3284309208393097
0.5825353860855103
0.9966817498207092
0.006857328116893768
0.31475210189819336
0.04950916767120361
0.08363012969493866
0.7275167107582092
0.00410880334675312
0.07814203202724457
0.0015932227252051234
0.0030014936346560717
0.010257283225655556
0.002503348747268319
0.012857718393206596
0.9671297669410706
0.0102714654058218
0.00717853382229805
0.7861021161079407
0.028228675946593285
0.0025983131490647793
0.03596021234989166
0.010942048393189907
0.8846446871757507
0.0037401418667286634
0.7448018789291382
0.7558242678642273
0.013828137889504433
0.05752790346741676
0.029006706550717354
0.003310379572212696
0.0027946000918745995
0.20561344921588898
0.29827016592025757
0.006435333285480738
0.28921598196029663
0.04419322311878204
0.002933442359790206
0.006252063903957605
0.11015025526285172
0.016984786838293076
0.009191722609102726
0.537390947341919
0.004400277975946665
0.043665070086717606
0.002398980315774679
0.11191018670797348
0.0024599721655249596
0.0040627336129546165
0.007370687089860439
0.011668173596262932
0.9684481620788574
0.003962782211601734
0.002774542663246393
0.014404854737222195
0.003919817507266998
0.004780614282935858
0.005670798011124134
0.2633022367954254
0.02011187933385372
0.005588176194578409
0.003426864044740796
0.002858476946130395
0.5375942587852478
0.0012685111723840237
0.008737249299883842
0.025659818202257156
0.0027132867835462093
0.08313973248004913
0.15094467997550964
0.381060391664505
0.004098175559192896
0.004602484405040741
0.0008403322426602244
0.0028781206347048283
0.04548858478665352
0.019250167533755302
0.5337017774581909
0.05018490552902222
0.010479000397026539
0.005193323362618685
0.002678905613720417
0.6240411400794983
0.14242777228355408
0.04103231802582741
0.004508142825216055
0.022127384319901466
0.001467219670303166
0.003861352801322937
0.009786883369088173
0.5539798736572266
0.002743259072303772
0.027834996581077576
0.0029235235415399075
0.060450341552495956
0.17094556987285614
0.019333872944116592
0.03639955073595047
0.004002598579972982
0.00612365547567606
0.054717786610126495
0.013210123404860497
0.23551544547080994
0.03952987119555473
0.016472354531288147
0.004943088162690401
0.2584760785102844
0.00634013582020998
0.012860690243542194
0.004852248355746269
0.0076490724459290504
0.002234445186331868
0.0019497046014294028
0.8024592399597168
0.7247023582458496
0.03417380899190903
0.015260283835232258
0.0033856313675642014
0.7271304726600647
0.018747802823781967
0.25772449374198914
0.3078398108482361
0.0021539549343287945
0.0025914229918271303
0.09556808322668076
0.013908060267567635
0.10206325352191925
0.049406107515096664
0.010019887238740921
0.00588842760771513
0.9550222754478455
0.00674046715721488
0.024589089676737785
0.019144650548696518
0.03268345072865486
0.02827656827867031
0.004810866434127092
0.009722147136926651
0.01901957206428051
0.001872160006314516
0.010363597422838211
0.4373590648174286
0.004360446240752935
0.01631001941859722
0.011889427900314331
0.15552620589733124
0.08107385039329529
0.011626115068793297
0.005893278401345015
0.03661305457353592
0.19448761641979218
0.005838338751345873
0.07028917223215103
0.005486913491040468
0.8052018284797668
0.009532258845865726
0.30259373784065247
0.16527089476585388
0.5768688321113586
0.024301959201693535
0.006274952553212643
0.33017268776893616
0.014345455914735794
0.0854472741484642
0.007355791050940752
0.03201141580939293
0.0024595041759312153
0.04703027755022049
0.9883373379707336
0.00454596895724535
0.002688298700377345
0.020551910623908043
0.0061323675327003
0.08017632365226746
0.006075377110391855
0.0048974002711474895
0.01322130486369133
0.550188422203064
0.12493111938238144
0.04624509438872337
0.007059592287987471
0.09823355823755264
0.0025409297086298466
0.3435995578765869
0.8952794075012207
0.0011929600732401013
0.7129809856414795
0.01618385873734951
0.17496854066848755
0.013150472193956375
0.642731249332428
0.2825905680656433
0.12086763978004456
0.07400096207857132
0.053519658744335175
0.012376437894999981
0.0033829344902187586
0.007831198163330555
0.0021009743213653564
0.004251186735928059
0.007622057106345892
0.00281890039332211
0.007360096089541912
0.008288947865366936
0.3996158242225647
0.011974968947470188
0.02125665172934532
0.024677569046616554
0.016133448109030724
0.3011157810688019
0.5842472314834595
0.027069183066487312
0.009057627059519291
0.0043555134907364845
0.026255331933498383
0.5134577751159668
0.18656080961227417
0.49326297640800476
0.010758512653410435
0.08572644740343094
0.786411702632904
0.0026788574177771807
0.8839843273162842
0.9046927690505981
0.04918070137500763
0.004328151699155569
0.01773400790989399
0.01496942900121212
0.6553276181221008
0.018161123618483543
0.6180006861686707
0.035819198936223984
0.5550519824028015
0.0018635632004588842
0.003951088525354862
0.005521393846720457
0.9976703524589539
0.0034879923332482576
0.17347072064876556
0.9046051502227783
0.009280990809202194
0.23258310556411743
0.0028070094995200634
0.029004327952861786
0.336613267660141
0.03099377453327179
0.5863184928894043
0.002273041056469083
0.005529379937797785
0.27003398537635803
0.011109464801847935
0.4771408438682556
0.01086210273206234
0.0206229817122221
0.09825800359249115
0.04309667646884918
0.006486164405941963
0.0012119949096813798
0.10154210031032562
0.07587921619415283
0.3949485421180725
0.008025314658880234
0.003489522496238351
0.00804835930466652
0.4011065661907196
0.005407838616520166
0.0058273752219974995
0.7451809644699097
0.011548293754458427
0.0030795333441346884
0.009686102159321308
0.020949745550751686
0.0025288753677159548
0.008190109394490719
0.9872316718101501
0.014459563419222832
0.02565559186041355
0.6251789331436157
0.7923277020454407
0.04053626209497452
0.006591182667762041
0.0042345463298261166
0.008984580636024475
0.3443353772163391
0.10754173249006271
0.06036417931318283
0.0026987637393176556
0.5213167071342468
0.022607358172535896
0.019215313717722893
0.026433488354086876
0.042821090668439865
0.02306084893643856
0.15744611620903015
0.0057061235420405865
0.018579991534352303
0.003160504624247551
0.3484102785587311
0.8627387285232544
0.4810488224029541
0.32851332426071167
0.7345054745674133
0.690811812877655
0.026154525578022003
0.7911663055419922
0.014136634767055511
0.0917254164814949
0.008295339532196522
0.5660523176193237
0.3062051832675934
0.7139206528663635
0.07099511474370956
0.004307822789996862
0.012216230854392052
0.0011942032724618912
0.05021383985877037
0.009689010679721832
0.007684964220970869
0.6775867938995361
0.01832502707839012
0.4960257411003113
0.016657009720802307
0.002634769771248102
0.010023189708590508
0.014751605689525604
0.11505266278982162
0.6933017373085022
0.03920004516839981
0.019264744594693184
0.0037722671404480934
0.011321159079670906
0.07468888908624649
0.011906065046787262
0.10565760731697083
0.43817660212516785
0.6611780524253845
0.6443654894828796
0.7015912532806396
0.0584290474653244
0.5366497039794922
0.14915937185287476
