0.2828715115785599
0.8428550004959106
0.9640674829483031
0.788468873500824
0.21260469779372215
0.4430261492729187
0.9690092921257019
0.2294690288603306
0.36992496252059937
0.21591449677944186
0.21152209788560866
0.8666752934455871
0.21412623692303895
0.6949692130088806
0.24342516362667083
0.6535375356674195
0.9716658115386962
0.9266058564186097
0.8757802844047546
0.9698924660682678
0.31646281480789185
0.4739355564117431
0.9398147225379944
0.45909099280834204
0.20857819905504585
0.9227138876914978
0.20423717235680672
0.9716965913772583
0.9653623700141907
0.9709712624549866
0.6825361251831055
0.9703240513801575
0.9501105785369873
0.42679076790809634
0.642709994316101
0.7397163778543473
0.3776275396347046
0.2522200345993042
0.27315669003874066
0.9105551838874817
0.6599718332290649
0.8259912133216858
0.23297309614717962
0.9705738902091979
0.6549607902765274
0.46243882179260254
0.20868962109088898
0.8970057606697083
0.8700281023979186
0.9608000040054322
0.9718241930007935
0.8762466192245484
0.9686909317970276
0.7042413711547851
0.9255499482154845
0.2080700591672212
0.6236803889274597
0.9312919616699219
0.2045895116403699
0.9587876915931701
0.20439407713711263
0.21055119764059785
0.9648364901542663
0.9615280747413635
0.22247463781386614
0.726259171962738
0.2348312884569168
0.851336145401001
0.9630866646766663
0.7599255859851838
0.5898707807064056
0.946352517604828
0.5453374892473221
0.21456887256354093
0.22357565984129907
0.31251888573169706
0.23071431517601013
0.9661471009254456
0.9654850602149962
0.9028348803520202
0.7120851278305054
0.5356942296028137
0.46866895556449895
0.23696820214390754
0.9388895511627198
0.9684491991996765
0.9712458968162536
0.9604007244110107
0.3636453472077847
0.2253401841968298
0.2218004882335663
0.9576894402503967
0.23694320507347585
0.21797100082039833
0.9718676686286927
0.9719219684600829
0.9633537411689759
0.21033660797402265
0.9661195397377014
0.24188379496335982
0.9171331524848938
0.8381307482719422
0.9676014661788941
0.9705796480178833
0.41224983930587766
0.2186709601432085
0.21674610637128355
0.7989671587944032
0.5452942848205566
0.20345341553911567
0.9693867802619934
0.20731088342145085
0.8821130275726319
0.2727883689105511
0.9559237241744994
0.37898855209350585
0.9611645102500916
0.971803605556488
0.9719187021255493
0.9408271789550781
0.6999633193016053
0.9717895269393921
0.9660162568092346
0.6171070635318756
0.6075482130050659
0.963523769378662
0.9487801432609558
0.2669163435697556
0.9069983005523682
0.9520925879478455
0.5541271448135376
0.9700355768203734
0.7256783366203308
0.47346044778823854
0.6468583703041076
0.37055369615554806
0.20539679750800133
0.3618558764457702
0.9715948104858398
0.20826135594397785
0.9107263922691345
0.9634626626968383
0.9114881873130799
0.20368801299482586
0.9340428590774537
0.9602629423141479
0.23026381693780423
0.2960168182849884
0.9714261770248414
0.7089098691940308
0.21317661814391614
0.21877813544124367
0.2118726655840874
0.20511807687580588
0.8832314968109131
0.9578797578811645
0.9719263553619384
0.969621205329895
0.789747703075409
0.9137205839157104
0.971340262889862
0.8946151733398438
0.803554356098175
0.9705150961875915
0.20372922557871792
0.20739691071212293
0.893875241279602
0.9673943877220154
0.20296232728287578
0.9021478652954101
0.9717856764793396
0.9449220657348633
0.9106824994087219
0.8116458296775818
0.2799356818199158
0.94251047372818
0.8569921493530274
0.20398695894982666
0.8874826908111572
0.4298494100570679
0.9681643009185792
0.8479735016822816
0.4636653184890747
0.9718494415283203
0.710185444355011
0.9704851388931275
0.9715436577796935
0.6455901384353637
0.9694348692893981
0.7209842801094055
0.9060545444488526
0.20428157020360233
0.22270813435316086
0.21060269176959992
0.5823670446872712
0.9697221517562866
0.9558929920196533
0.37995978221297266
0.7380781650543213
0.9307229042053223
0.708360779285431
0.7940117478370666
0.8636531472206115
0.9690614104270935
0.9716652154922485
0.2050157904624939
0.2253855660557747
0.9238902926445007
0.9040998339653015
0.9715926885604859
0.396042874455452
0.23058154582977297
0.4262944340705871
0.6942371010780335
0.8346554517745972
0.2100224564783275
0.9557214736938477
0.9517821431159973
0.6808119893074036
0.21101173423230649
0.43428076505661006
0.9707464814186096
0.20871921423822642
0.9593660831451416
0.9719076156616211
0.21054347269237042
0.20494532231241466
0.23632210642099383
0.24555646292865277
0.9708661079406739
0.20606956779956817
0.25352178141474724
0.5535906910896301
0.9664085865020752
0.20463094054721298
0.9634259462356567
0.5988759517669677
0.4098044753074646
0.9402740478515624
0.3433161497116089
0.20648995395749808
0.827721893787384
0.9442623376846313
0.2410624161362648
0.8881187200546266
0.5156212508678436
0.9717578530311585
0.9352427005767822
0.9713765144348145
0.9559750795364379
0.9671384692192078
0.25788197219371795
0.24315678328275683
0.27660234868526457
0.8382644534111023
0.9708770871162414
0.9704238533973694
0.8495234489440918
0.28016195893287654
0.2045507132075727
0.9589441537857055
0.8832788348197937
0.20903960019350054
0.5228311955928803
0.20409986027516425
0.9689923048019409
0.5718411624431611
0.45955176949501036
0.2032652793917805
0.21749280467629434
0.9579695224761963
0.20812427634373307
0.2035413335543126
0.9311978101730347
0.967313289642334
0.23702509216964246
0.21195963397622108
0.5843241035938262
0.8723561286926269
0.9585348725318908
0.43188652992248533
0.20347934057936073
0.9404637336730957
0.5944322451949119
0.9697514653205872
0.2997455239295959
0.35435160994529724
0.8666996836662293
0.9719237327575683
0.6223968744277953
0.9668891906738282
0.970138692855835
0.5045218348503113
0.9717198133468627
0.20853847665712238
0.206121011544019
0.8732064604759217
0.9680194973945617
0.9134172320365906
0.2153628509491682
0.8821067690849305
0.846090579032898
0.9447503209114074
0.9651271939277648
0.602582597732544
0.7468234658241272
0.330805803835392
0.9685166954994202
0.8761539816856384
0.9517396807670593
0.7286345601081847
0.2099342833273113
0.8295422554016113
0.9717875003814698
0.9682356834411621
0.26179677695035936
0.21944352202117445
0.2069645181298256
0.8898221373558044
0.20710037499666217
0.9366284132003785
0.22412108406424525
0.9719195127487184
0.9656549572944642
0.5456865638494491
0.8828482627868652
0.9718525290489197
0.9705859303474426
0.8888893008232117
0.2056599403731525
0.42417565584182737
0.9549508929252624
0.8437968850135803
0.3987115383148193
0.9716415762901306
0.8723509192466735
0.20634217150509357
0.9702372789382934
0.9662047863006592
0.9249316096305847
0.9419576168060303
0.22873192429542544
0.5323118567466736
0.32882288098335266
0.2069863110780716
0.9718172073364257
0.9707696080207824
0.8754128098487854
0.34090632796287534
0.23298638314008713
0.3640816867351532
0.9000094056129455
0.21327570602297785
0.20499450340867043
0.42129904627799986
0.8756595015525818
0.8084213614463807
0.7187553644180298
0.9718095421791076
0.9492069721221924
0.26225367784500125
0.8323669075965882
0.8886952757835388
0.9595121026039124
0.9658643126487731
0.971602201461792
0.9299813747406006
0.9621163368225097
0.9655645608901977
0.7805703997612
0.9403510689735413
0.9675440430641175
0.21954436264932156
0.8774747490882874
0.9617000937461853
0.9712978601455688
0.9718663215637207
0.8249318838119507
0.8946718215942383
0.21606738455593588
0.9681480050086975
0.8262308001518249
0.970966911315918
0.96645747423172
0.8523507595062255
0.9262399673461914
0.9039794921875
0.20835279487073421
0.907849383354187
0.8767467021942139
0.9701639652252196
0.20527715394273402
0.27517221048474316
0.8758846998214722
0.20661501456052064
0.21028897091746332
0.28632935583591457
0.46693243384361266
0.8708323240280151
0.47056645750999454
0.9506312131881715
0.9717075824737549
0.9702138900756836
0.970876944065094
0.9539573907852172
0.9697082877159118
0.9093702912330628
0.20406282148323954
0.8004306912422181
0.20336112913209947
0.9711151719093323
0.8900811672210693
0.9707302689552306
0.9658098459243775
0.41169226169586176
0.9704967975616455
0.21301977187395096
0.9718735694885254
0.8760459542274475
0.7497910857200623
0.2078390143811703
0.9315646290779114
0.21025815024040642
0.7296479940414429
0.9555270195007325
0.9078876137733459
0.7106957793235779
0.5062225699424744
0.9712105512619018
0.5144860684871674
0.8354158401489258
0.9605960249900818
0.21408728882670403
0.22454913854599
0.9719241380691529
0.20286991826724263
0.2028925464488566
0.9491693258285523
0.23270884193480015
0.2317511148750782
0.20666004621889444
0.9422125339508056
0.9377755045890808
0.8214691638946533
0.9489575624465942
0.8647109150886536
0.7203871130943298
0.22965387254953384
0.9583320736885071
0.956800127029419
0.9521790385246276
0.9674872636795043
0.41045041978359226
0.39141377806663513
0.9702005982398987
0.9711304426193237
0.4758950173854828
0.9717629432678223
0.2047810665331781
0.9663994193077087
0.23887525945901872
0.8965900421142579
0.2250614255666733
0.85647873878479
0.20357823134399952
0.9611610651016236
0.6681011319160461
0.914605987071991
0.9489489197731018
0.8050207614898682
0.7469359636306763
0.2697430446743965
0.9686471700668335
0.9326630115509034
0.9713975787162781
0.2110813777893782
0.9642374396324158
0.970281982421875
0.20878889486193658
0.2074175734072924
0.6905446648597718
0.6616758346557617
0.9718848228454591
0.21218590568751097
0.9105316042900086
0.9686065196990967
0.9713303089141846
0.3373221933841706
0.9702987432479858
0.5082761764526367
0.9554055213928223
0.9516051054000854
0.9527749657630921
0.3292576529085636
0.5165381669998169
0.20485193273052577
0.20846058726310732
0.3763887524604797
0.20635751206427813
0.20519023053348065
0.20652304440736774
0.7109141111373902
0.9578638792037963
0.25141350738704205
0.9714552640914917
0.39899721145629885
0.7295559525489808
0.8479100108146667
0.964764130115509
0.25739516615867614
0.9126973032951355
0.8524331212043763
0.2125686287879944
0.21621770188212397
0.20829779058694842
0.9044924974441528
0.8749418735504151
0.9058231830596923
0.21027329228818417
0.20329664833843708
0.966922128200531
0.9702001929283142
0.9713828086853028
0.9666062951087953
0.4755428433418274
0.20883613340556623
0.9199165940284728
0.8918657422065734
0.36180860996246333
0.2031108888331801
0.2291951283812523
0.32862150967121123
0.2931132733821869
0.3282424509525299
0.8882326245307923
0.6440448522567749
0.21239650882780553
0.8436124086380005
0.5364256620407104
0.5395640850067138
0.9291330337524414
0.3926140785217285
0.2535424709320068
0.9401316165924073
0.9343011617660523
0.29857715368270876
0.26394455432891845
0.9716495752334595
0.7771361708641051
0.4582475185394287
0.20648080483078957
0.21068269237875942
0.9587869763374329
0.22149300370365382
0.9196915984153748
0.8783569455146789
0.27551186382770537
0.9704487562179565
0.9716957807540894
0.20604044534265997
0.9687149763107299
0.9669770717620849
0.9613481402397156
0.9663275003433227
0.206139073939994
0.38355422727763655
0.9354029893875122
0.9608002185821534
0.9059537529945373
0.44374740421772
0.9439533233642579
0.2038477829657495
0.7621883034706116
0.9357691049575805
0.9242879986763001
0.6921085000038147
0.8992070198059082
0.9471925377845763
0.302341465651989
0.922570788860321
0.9264645338058473
0.971162235736847
0.6411207556724549
0.8085340857505798
0.9654467463493347
0.41909191608428953
0.7249227285385131
0.646990704536438
0.8429119825363158
0.7219846367835999
0.9692179918289185
0.20471924683079123
0.9689441561698914
0.8387303948402405
0.9703150868415832
0.9685223340988158
0.203546546259895
0.20870227897539737
0.2054008753038943
0.21015621181577446
0.2161512836813927
0.9711531281471252
0.9714495778083801
0.9634002208709718
0.47269654273986816
0.6688764035701753
0.25311507284641266
0.24664938002824782
0.5177907109260559
0.6373423337936401
0.2822234660387039
0.9691359877586365
0.9168578386306763
0.20756990415975454
0.8786814212799073
0.9681570887565614
0.9404427766799927
0.9677484154701232
0.6902340888977051
0.9663175225257873
0.9333074450492859
0.2083162661641836
0.8929726958274842
0.2085213640704751
0.21474332194775342
0.2531673491001129
0.9522118091583253
0.9710456371307373
0.20551205473020673
0.9487259984016418
0.24217904806137086
0.40972586534917355
0.6125202655792237
0.20786017272621396
0.9637359380722046
0.206629722006619
0.24595348834991457
0.9631696224212647
0.2063559303060174
0.20940770637243988
0.70276939868927
0.2488473877310753
0.9717202067375184
0.9569601535797119
0.8634743809700012
0.25780177041888236
0.9697410464286804
0.5971810221672058
0.8305556178092957
0.9346582531929016
0.528297758102417
0.23553390428423882
0.22511555887758733
0.6952242851257324
0.9366923570632935
0.21178495436906813
0.9656765580177308
0.289699013531208
0.9705519676208496
0.8914908766746521
0.22791672348976136
0.20540613532066346
0.956125283241272
0.22109791152179242
0.5621405959129333
0.8622302770614624
0.8201184868812561
0.22764996960759165
0.2043213271535933
0.9171300649642944
0.20350109098944813
0.35932269096374514
0.23873760402202607
0.7259924292564391
0.6816723942756653
0.9614842653274536
0.9477667093276977
0.9200522780418396
0.5590457141399383
0.7304387807846069
0.9622982025146484
0.32451640367507933
0.22943129688501357
0.2045507315080613
0.45661516189575196
0.27285090982913973
0.9715045690536499
0.38737878799438474
0.4656452611088753
0.9716882467269897
0.9674352884292603
0.35650610774755476
0.20419579651206735
0.8254607200622559
0.21656075567007066
0.9355078220367432
0.20985833145678046
0.9718157052993774
0.5029330134391785
0.9530604481697083
0.9548817634582519
0.9673482894897462
0.588852846622467
0.22840635366737844
0.8368211984634399
0.6163801908493042
0.44683429002761843
0.9679532885551453
0.9518735408782959
0.9239810585975647
0.9094786763191224
0.9622933745384217
0.6816797375679016
0.9677549242973327
0.6951068997383117
0.8362836718559264
0.4998224526643753
0.9702086567878723
0.8609187722206116
0.20890330355614425
0.6993865847587586
0.5131187677383423
0.8041465640068055
0.44587127566337587
0.20444923974573614
0.21365140788257123
0.956102979183197
0.9061370253562928
0.2080380875617266
0.7731722652912141
0.6602775454521179
0.9537537217140198
0.9013132452964783
0.9621515393257141
0.9430602431297301
0.9666495800018311
0.9589954972267151
0.22586937844753266
0.20339552750810982
0.566945493221283
0.970146346092224
0.6785469263792039
0.969677746295929
0.20473327231593433
0.9496187567710876
0.9713340282440186
0.9401170611381531
0.6100355386734009
0.21235119551420215
0.7171779751777649
0.25631447434425353
0.7062141299247742
0.20392000954598188
0.8568788170814514
0.89830002784729
0.6977946758270264
0.7422883391380309
0.796469247341156
0.6347630143165588
0.9654964089393616
0.9710123538970947
0.9660670757293701
0.2434316799044609
0.9719180583953857
0.9678059220314026
0.9089832186698914
0.8462573409080506
0.688823089376092
0.9518354773521424
0.20587554071098568
0.9575672626495361
0.32510207295417787
0.97187819480896
0.944090723991394
0.5739047884941101
0.23225664347410202
0.20499824574217201
0.7834638476371765
0.5831649422645568
0.20353564596734944
0.38731065988540647
0.9193586826324462
0.6309377074241638
0.9275962352752686
0.9626396179199218
0.21661540623754263
0.9694563865661621
0.8877432942390442
0.971612024307251
0.5188330173492431
0.8418319582939149
0.9036210298538208
0.24967496357858182
0.32963011860847474
0.6138183355331421
0.7536511123180389
0.6165660142898559
0.9540172815322876
0.9712639808654786
0.9399621725082398
0.20671992786228657
0.9519188165664674
0.5196598529815674
0.953933322429657
0.21427934411913158
0.9020792484283447
0.21412058733403683
0.7390566706657409
0.9703307986259461
0.20397481152322144
0.8607508063316345
0.21276056319475176
0.7751536846160889
0.9699751853942871
0.9717024326324464
0.4195137366652489
0.9652240037918092
0.971251928806305
0.9039103627204895
0.6150360181927682
0.21684519574046135
0.6311563849449158
0.9607415318489075
0.5537777543067932
0.9308686017990112
0.43998603820800786
0.9270981311798095
0.23614156991243362
0.9476139307022095
0.8968076944351195
0.3012683100998402
0.9584785342216491
0.9710713744163513
0.9674475550651551
0.20367736271582546
0.5556371808052064
0.9718065738677979
0.2579798296093941
0.26452789306640623
0.9603911995887757
0.23700957670807837
0.970146381855011
0.9252710342407227
0.30504063963890077
0.2032160826958716
0.2094103178009391
0.20333648410160096
0.9287923336029053
0.2704801559448242
0.96877179145813
0.9650386691093444
0.9619649052619934
0.23554840609431266
0.26747700721025464
0.9690947294235229
0.3791470766067505
0.9718777894973755
0.35645791888237
0.9642798781394959
0.7861763119697571
0.9718741655349732
0.966163718700409
0.20336763560771945
0.6264649152755737
0.3447096973657608
0.9715329289436341
0.9561887025833129
0.4426607012748718
0.8109349131584168
0.24566812813282013
0.9478289008140564
0.9058456897735596
0.6549254894256591
0.21828569248318674
0.2505233496427536
0.963211214542389
0.6671660542488098
0.9510368466377258
0.2048053301870823
0.5522050201892853
0.8410264611244201
0.7730674624443054
0.6766940236091613
0.956553566455841
0.20997511111199857
0.21390544157475233
0.20867042243480682
0.9289609074592591
0.2056340859271586
0.2594908334314823
0.9715274572372437
0.9672389626502991
0.9300494909286499
0.7291367173194885
0.20452554328367115
0.9624944567680359
0.9227515935897828
0.26550907790660855
0.21143608726561072
0.9179097056388855
0.971802794933319
0.9704408288002013
0.9510160803794862
0.6559375941753387
0.9128130555152894
0.9676746368408203
0.5150931641459465
0.9086029648780823
0.9451605796813964
0.9536810517311096
0.8752073168754577
0.20602046065032484
0.8326890349388123
0.4450663685798645
0.5557152572087943
0.9121580362319947
0.396762327849865
0.8236789703369141
0.252650560811162
0.969472897052765
0.8424418091773986
0.7781197190284729
0.26030812300741674
0.2252359863370657
0.9237034559249877
0.9666801333427429
0.21748993853107096
0.8057805359363556
0.32017260044813156
0.48482390642166134
0.8027641773223877
0.2036882762797177
0.9674927473068238
0.6457196533679962
0.9715783238410949
0.4373787432909012
0.2508415699005127
0.9714942812919617
0.9671718955039978
0.9703692555427551
0.960014009475708
0.7051885187625886
0.20357385184615853
0.21874465867877008
0.2507513016462326
0.9484402418136597
0.4960249215364457
0.9718869924545288
0.20489716429729016
0.20552560570649803
0.9718294620513916
0.2194085875526071
0.7648698091506958
0.20634338688105347
0.5603392869234085
0.6020742416381836
0.769049334526062
0.9603128671646117
0.9618521809577942
0.8779705047607422
0.9589645028114319
0.9591715335845947
0.3311504006385803
0.9704068660736084
0.20661744130775334
0.5315146267414093
0.21267967708408833
0.9717219233512879
0.7908840715885163
0.9613706231117248
0.20520426761358979
0.21083953985944393
0.8871893286705017
0.23239587098360062
0.2056166220456362
0.9652360200881958
0.2889732629060745
0.9410756826400757
0.2067733984440565
0.9380872249603271
0.8141852021217346
0.9353177666664123
0.27920937091112136
0.6860813021659851
0.20529005811549722
0.7435242719948292
0.21448530331254007
0.9643085241317748
0.9668015122413636
0.20549007952213288
0.5978448510169982
0.953892958164215
0.7879712224006653
0.20313971568830314
0.28967433273792265
0.9672385811805726
0.3255613565444946
0.5320516109466553
0.2038539816159755
0.8816804766654969
0.9710025072097779
0.9074331760406494
0.7371813654899597
0.8765828728675842
0.9716101884841919
0.9653499603271485
0.2090612392872572
0.9659212708473205
0.9267594575881958
0.9669535160064697
0.9713078022003174
0.4522401213645935
0.4904205650091171
0.9558559417724609
0.5690717697143555
0.9604313135147095
0.2557572335004807
0.9711943030357362
0.2050980501808226
0.9628978371620178
0.8390869498252869
0.9591100096702576
0.9412960171699524
0.2052894727792591
0.37182835936546327
0.9688823580741883
0.9650138139724731
0.4647506147623062
0.7585378408432008
0.6996273636817932
0.9688979268074036
0.9300318002700806
0.20301355940755458
0.9637497425079345
0.23729434683918954
0.2077990661840886
0.5492355525493622
0.5958835542201997
0.9672531604766845
0.20473275808617475
0.6717546701431274
0.2786588564515114
0.9688439249992371
0.5625626355409623
0.959982180595398
0.21573538184165955
0.3546762108802795
0.2695697247982025
0.20554570872336625
0.9682546496391297
0.22289004474878313
0.8744713783264161
0.7317806005477905
0.8115869402885436
0.9717796802520752
0.9706250548362731
0.8964055895805358
0.6582553863525391
0.5366144299507141
0.9718233108520508
0.5630333960056304
0.20732889799401166
0.9306964397430421
0.9708080768585204
0.20439021466299892
0.255643692612648
0.21092131026089192
0.38235241174697876
0.6620113372802734
0.9718727111816406
0.40178382396698
0.5943597674369812
0.24428894743323326
0.5892024159431457
0.9478899121284485
0.93132985830307
0.5048118680715561
0.20633144173771145
0.9692596435546875
0.7384069561958313
0.328446438908577
0.9569128632545472
0.20325795132666827
0.967030119895935
0.22820657193660737
0.20742919966578485
0.2177883617579937
0.20657479260116815
0.6257156610488891
0.8788200616836548
0.3151344642043114
0.8678678035736084
0.9698658943176269
0.9594595432281494
0.9686739921569825
0.948618483543396
0.9590773701667785
0.9679660916328431
0.9341863036155701
0.8428680896759033
0.6646796584129333
0.7607529759407043
0.9692353367805481
0.20556543711572886
0.259427785128355
0.21290371362119914
0.9325448751449585
0.24260321706533433
0.9718480825424194
0.9279935002326966
0.8738037109375
0.37075382471084595
0.9700838685035706
0.9697715878486634
0.5859316349029541
0.9689496040344238
0.24759307503700256
0.9177839994430541
0.9007341504096984
0.8289890170097352
0.2054887109436095
0.2205690187867731
0.9662981033325195
0.20484215365722777
0.4851397156715393
0.8052351117134094
0.9227448940277099
0.9354633688926697
0.9593898534774781
0.8557614684104919
0.9607216954231261
0.42781932055950167
0.7366758644580841
0.9706627488136291
0.2102819548919797
0.20470124296844008
0.9663262128829957
0.9718236684799194
0.3335913598537445
0.2225996430963278
0.21090486664325
0.3632902979850769
0.6964391112327575
0.971260952949524
0.9666271567344665
0.9235260725021363
0.8997683286666871
0.6149924159049988
0.9529775857925415
0.21379425171762706
0.721069610118866
0.6324675649404526
0.9598007082939147
0.4642631232738495
0.6014179825782776
0.5030605316162109
0.96469486951828
0.9128440260887145
0.3408194854855538
0.653166937828064
0.20618003215640784
0.9712284684181213
0.4888327181339264
0.8217351675033568
0.9681985974311829
0.5095121741294861
0.9674095392227172
0.20402630232274535
0.9705658316612243
0.9704050779342652
0.9553433775901794
0.808683729171753
0.6355391681194306
0.47769078016281125
0.21029054075479509
0.9717393159866333
0.8188465476036072
0.9088467359542847
0.22749869152903557
0.4380179405212402
0.7122479379177094
0.8299839258193971
0.20372592695057395
0.3791810154914856
0.8581072568893433
0.22457500696182253
0.7112046718597411
0.9361955642700195
0.28652116507291797
0.5097216784954072
0.9650740623474121
0.771168303489685
0.9280025482177735
0.6683165669441222
0.21289963461458683
0.6729134202003478
0.6598786115646362
0.37242048755288126
0.21837350204586983
0.6241984248161315
0.9712306141853333
0.9717513561248778
0.9625261783599853
0.20502863451838496
0.97102290391922
0.32867372035980225
0.254400896281004
0.20490945987403394
0.2054076060652733
0.9696727395057678
0.9632468700408936
0.9689062595367433
0.9715917944908142
0.6746504306793213
0.4944972336292267
0.8522562026977539
0.8513773441314697
0.20300937738502398
0.3377565830945969
0.9717321515083313
0.20515254624187948
0.9113531351089478
0.9690225839614868
0.9199250221252442
0.9713037729263305
0.6742474675178528
0.7692855238914489
0.9696880936622619
0.3570989668369293
0.7905417323112488
0.4812891066074372
0.9703708529472351
0.20325970621779563
0.5355781137943267
0.28297320776619017
0.23136460781097412
0.2050193537026644
0.20376765225082635
0.8849767684936523
0.2068312177434564
0.2689741585403681
0.9463591337203979
0.3344892665743828
0.3196183085441589
0.20327529152855278
0.20917496709153058
0.20526033686473966
0.9328669190406799
0.3178155988454819
0.31692577302455904
0.9681403398513795
0.9640324354171753
0.9606460809707642
0.7951720476150512
0.6228429973125458
0.6659705460071563
0.21185631006956102
0.2703173730522394
0.9716374635696412
0.9715487003326416
0.21870170421898366
0.9718019485473632
0.9703062415122986
0.30374995432794094
0.9693327069282531
0.9673032641410828
0.3960241913795471
0.2602613568305969
0.2244993140920997
0.20472016064450144
0.7392510771751404
0.20424189874902368
0.8993344306945801
0.3015060186386108
0.4385475814342499
0.9715431809425354
0.7549880027770997
0.9700882077217102
0.20512804966419937
0.23319062888622283
0.2837903380393982
0.20446774198208006
0.931715726852417
0.9476000666618347
0.9285958290100098
0.851387882232666
0.9407104492187499
0.30630791187286377
0.4569454431533813
0.3595736265182495
0.7163036465644836
0.9169556736946106
0.8913288116455078
0.3245295137166977
0.2102500181645155
0.9096381545066834
0.3341498017311096
0.9619628310203552
0.2035911893006414
0.9566835522651672
0.97079439163208
0.9040521621704102
0.20526876328513027
0.20698433090001347
0.20587543640285733
0.20340634007006886
0.21137757860124112
0.5589797973632813
0.5760301113128662
0.8674578070640564
0.6899635910987854
0.9707402706146241
0.865338695049286
0.5136451423168182
0.2118299048393965
0.2065085705369711
0.4245806932449341
0.9702897667884827
0.9674431562423706
0.9313043475151062
0.9717162132263184
0.20536269508302213
0.9097960710525513
0.2063287966884673
0.9648923635482788
0.9621728539466858
0.2128084618598223
0.5548376381397248
0.20575920064002276
0.9705206155776978
0.777532833814621
0.4242970466613769
0.2054439569823444
0.20367813890334222
0.966664958000183
0.45060085058212274
0.731926155090332
0.8958154559135437
0.94117112159729
0.24622916877269743
0.2145051334053278
0.9705570101737977
0.9555990815162658
0.2804040849208832
0.9496936798095703
0.26689961031079296
0.5561066091060638
0.20308553504291924
0.9717651844024658
0.97142151594162
0.700540280342102
0.23773079738020897
0.8915262937545776
0.20963110756129028
0.9579606413841248
0.97084219455719
0.7497233927249909
0.2098352985456586
0.4789044141769409
0.9546432256698608
0.9333519577980041
0.7610808849334717
0.5695777356624603
0.51620814204216
0.5310738563537598
0.8397470951080321
0.9082053065299988
0.7420691609382629
0.4361492991447449
0.9680424332618713
0.28788356333971027
0.8025833249092102
0.24462733268737794
0.9139837741851807
0.9692852258682252
0.9428874850273132
0.20492791477590802
0.9294379830360413
0.9631544947624207
0.24846137054264547
0.22164216935634615
0.7724555492401123
0.755558979511261
0.20592104261741043
0.9651714324951173
0.9613844275474549
0.25501844808459284
0.5999463200569153
0.9486675143241883
0.23881471157073975
0.20668365606106817
0.20682617872953415
0.8980888366699218
0.9513796329498292
0.5230994582176208
0.9664744734764099
0.2616173051297665
0.2091457050293684
0.20814949050545695
0.9697174310684205
0.21920444890856744
0.26840275526046753
0.6950652241706848
0.6537710756063462
0.8548812866210938
0.9249855518341065
0.8182316780090332
0.377324412483722
0.3146327018737793
0.6566536784172058
0.971682596206665
0.205877823010087
0.9287055253982544
0.9697140693664551
0.966456162929535
0.6186855018138885
0.20860073547810318
0.20771464817225935
0.9596505880355835
0.3021607160568237
0.7847265481948852
0.38149996399879454
0.8694808840751649
0.2916461884975433
0.8313761591911316
0.28040274083614347
0.9710567235946654
0.42408664226531984
0.9629056215286256
0.7956450462341309
0.21732205003499985
0.9290930032730103
0.47289736270904537
0.9719293355941772
0.9480879664421082
0.9717519640922547
0.22390443235635757
0.7788386344909668
0.8497437000274659
0.8932085752487182
0.9514355778694152
0.35247460603713987
0.9369985938072205
0.2048463265411556
0.9718745946884155
0.2364908367395401
0.9633040308952331
0.907020401954651
0.8981029629707337
0.534481532126665
0.9717469334602356
0.9718081474304199
0.9517299890518188
0.6505818605422973
0.20531340511515736
0.6648581862449646
0.9697365641593934
0.2109614508226514
0.28199946507811546
0.6941593408584594
0.9717212677001953
0.21332399956882
0.7735369086265564
0.9070044994354247
0.3191560626029968
0.20502610886469486
0.9712321043014526
0.9700555920600891
0.9708308577537537
0.9314296126365662
0.9717103242874146
0.6507646799087524
0.9246631979942322
0.2294790714979172
0.21242864690721036
0.8649022102355957
0.20752390474081042
0.2322921346873045
0.9591097593307495
0.8710103034973145
0.9709412813186646
0.933459210395813
0.966289722919464
0.7845417499542235
0.9665663957595825
0.5738072633743286
0.2058890800923109
0.9715359210968018
0.2125545688904822
0.48552240133285524
0.8198456525802612
0.9457067608833313
0.20669275261461736
0.9711842179298401
0.4339724659919739
0.8615763783454895
0.5275199139490724
0.4493875950574875
0.7087620019912719
0.8576195955276489
0.2031132157193497
0.2090727084549144
0.2872774511575699
0.9294318914413452
0.7685598552227021
0.38700460195541386
0.9586029648780823
0.20585405586753042
0.8837876319885254
0.9694536328315735
0.47708309888839723
0.8051264166831971
0.2612177923321724
0.5214533805847168
0.24931121841073037
0.8906509160995484
0.23746431469917298
0.875831949710846
0.8850751757621765
0.2097364882938564
0.9475625276565551
0.9521552443504334
0.6394422233104706
0.20373920374549925
0.37799503803253176
0.9212248206138611
0.22021558955311776
0.23484942466020584
0.8890703558921814
0.9712849855422974
0.9551098823547364
0.20361496382392943
0.7143975734710694
0.867224931716919
0.2377722829580307
0.9174352407455444
0.2835249051451683
0.5995839953422546
0.2050780151039362
0.22036842852830887
0.5376397848129273
0.21341949617490175
0.5634927749633789
0.20433509177528322
0.2029928845819086
0.2059126991778612
0.7786007165908813
0.20429841694422068
0.21714816540479662
0.2107496615499258
0.5402100563049317
0.20325850944500418
0.20355344126001002
0.2499595582485199
0.20664355689659714
0.25625125840306284
0.27797036841511724
0.20569698298349978
0.20714620389044286
0.23084578067064285
0.21688165813684462
0.20622970182448627
0.2894054114818573
0.20407643434591594
0.2063272667117417
0.25009170174598694
0.20426876374986025
0.881309723854065
0.2041197770042345
0.20435242680832744
0.24253584984689952
0.21671139262616634
0.7424320220947266
0.2532571114599705
0.6881697654724122
0.20323234018869699
0.5415733814239502
0.9558592081069945
0.2036104160360992
0.2122235540300608
0.21370263248682023
0.20964116379618647
0.4800348997116089
0.6452150583267211
0.35915667861700057
0.4860927820205688
0.4850570380687714
0.2785598985850811
0.203563064429909
0.22672280557453633
0.8236322045326233
0.3691622495651245
0.2152806553989649
0.26745523065328597
0.2139201810117811
0.7669517040252686
0.2057946974411607
0.20351012223400178
0.20573969930410385
0.20387473730370403
0.21792625822126868
0.2261840581893921
0.24022163897752763
0.21384260803461075
0.7064147830009461
0.2040519283618778
0.7166577577590942
0.2062416780740023
0.8481228113174439
0.20408821445889774
0.20548288160935047
0.22435275167226792
0.2034460539231077
0.21629263982176783
0.7678074836730957
0.2308828592300415
0.26114950422197586
0.20807167775928975
0.25171573013067244
0.21930188396945596
0.2175824172794819
0.2974161610007286
0.2432452216744423
0.6450774908065796
0.4075906941667199
0.21094651073217394
0.22876978535205125
0.20311187396291644
0.22833601236343384
0.31702566109597685
0.20720018278807403
0.21031144503504037
0.20400050489697608
0.20391326635144652
0.20462127083446832
0.5086168348789215
0.23127746433019641
0.27195202391594653
0.22579388692975047
0.21596406027674678
0.22934992462396622
0.2127643682062626
0.21802457291632893
0.49491638839244845
0.2115942293778062
0.24775244966149332
0.20922607462853193
0.204648020491004
0.2049677490256727
0.528409731388092
0.583859658241272
0.22238650098443033
0.2124655345454812
0.40573891401290896
0.21020178832113742
0.20552340429276228
0.20626171566545964
0.4235792994499207
0.4671615481376648
0.20454863910563292
0.21856863386929037
0.20593987279571596
0.20531688565388323
0.2086147092282772
0.23099077735096218
0.22472464442253115
0.3213248610496521
0.2069450500421226
0.2034201901871711
0.6026872932910918
0.2912746138870716
0.39752208739519124
0.20561155751347543
0.2293396532535553
0.2939905345439911
0.9154307842254639
0.20629659853875637
0.22587028741836548
0.2366224154829979
0.21095168264582753
0.20864468477666379
0.20377458021976053
0.20920217037200928
0.21245444770902397
0.46302369832992557
0.21952491737902166
0.7969510436058044
0.2600812169723213
0.21088003627955915
0.41422712653875354
0.2313316658139229
0.21690494045615197
0.2705947235226631
0.20851435326039794
0.20901068449020388
0.2184479296207428
0.276921683549881
0.20943956337869168
0.22792853619903325
0.21994463466107847
0.20359621294774116
0.4089211940765381
0.21035720109939576
0.2041054378729314
0.2182952407747507
0.2035652222810313
0.21276434101164343
0.2057106662541628
0.2052343130344525
0.23818022906780242
0.20620487686246633
0.9014997005462646
0.6549561858177186
0.23696896582841875
0.3821410715579987
0.2927080899477005
0.20900467336177828
0.20733176628127695
0.20379753587767482
0.20315574603155256
0.2194896586239338
0.20311879871878774
0.20346555002033712
0.26202410757541655
0.21091898921877147
0.33127329349517826
0.64884432554245
0.27189865857362744
0.2350718751549721
0.20386423915624619
0.20961256688460708
0.33777977228164674
0.20464822119101883
0.8474191665649413
0.23659356366842985
0.22509201094508172
0.21181595707312229
0.24907234236598016
0.8963093996047974
0.2177456494420767
0.20486396392807366
0.22100930213928224
0.213148183375597
0.3060787709429861
0.847448468208313
0.21331916470080614
0.20557937119156125
0.2495230320841074
0.21666799932718278
0.6643070548772813
0.25287915766239166
0.20867312476038935
0.20360789275728167
0.22956589236855507
0.21451533511281012
0.20867507276125252
0.20659662149846555
0.20363365733064714
0.5192478775978089
0.20346831930801274
0.2061670046532527
0.2086083060130477
0.20724156182259323
0.20779166903812438
0.20395834599621596
0.2064491642639041
0.2940293975174427
0.21039887182414532
0.21403245590627196
0.2170655231922865
0.2029975401237607
0.20451264828443527
0.20434345495887102
0.20659232111647724
0.20486743329092863
0.8187613725662232
0.23109210822731258
0.2046021033078432
0.2418945163488388
0.220006363093853
0.20667078820988538
0.20563432332128287
0.23165337741374972
0.3759763810783625
0.20512582752853634
0.20657941065728666
0.3286720603704453
0.21580344997346404
0.33324580192565917
0.20800835755653682
0.2041936124674976
0.20344300272408875
0.23083702661097052
0.24681679271161558
0.9154625535011292
0.8876556992530823
0.32587555050849915
0.2041676769964397
0.9596008062362671
0.214681660477072
0.20887820022180675
0.21129954149946573
0.22398921214044096
0.32415008284151553
0.2236386187374592
0.8733684420585632
0.31379119753837587
0.41006157398223875
0.20991379693150522
0.20454821176826957
0.20776875019073487
0.2117713320069015
0.21449578851461412
0.21221227813512086
0.21082861535251143
0.22577982433140278
0.20958751495927574
0.2037796382792294
0.20471171480603517
0.21601979918777944
0.20813159691169858
0.25122218728065493
0.21487621888518335
0.2081933626905084
0.2377731055021286
0.230765188485384
0.2044974374584854
0.20535498594399543
0.9319935679435729
0.2188276953995228
0.2030018984922208
0.20450917216949166
0.34062491655349736
0.2031586663564667
0.20972825549542903
0.40328021049499513
0.20879396200180053
0.3058584928512573
0.22835975382477045
0.5233746886253356
0.21244021728634838
0.5690477162599563
0.6059801697731018
0.5940730035305023
0.20867023877799512
0.21099639646708968
0.25998227894306186
0.2517724854871631
0.21246028803288938
0.6982787251472473
0.2137875129468739
0.20385933436919004
0.20614746250212193
0.2066120281815529
0.21025331281125545
0.21502611264586452
0.2056752793490887
0.31454787459224465
0.2746279776096344
0.20934207485988737
0.2948988497257233
0.21192803233861923
0.287044145911932
0.2466386079788208
0.5178743720054626
0.21011062152683735
0.20843339068815112
0.22339949849992993
0.2031225602841005
0.20833965055644513
0.20828835070133211
0.2247795917093754
0.21218226049095393
0.22374010086059573
0.20725726522505286
0.925913643836975
0.2114506387151778
0.21339072473347187
0.3731557369232178
0.26268234029412274
0.2206793837249279
0.2611083880066872
0.3363398186862469
0.6497709810733796
0.6145731806755066
0.20436158450320363
0.21209028773009778
0.6398108243942261
0.8287456750869752
0.2038110535591841
0.20968706281855704
0.4594281315803528
0.42402319312095643
0.20393949472345413
0.23004218619316819
0.20637597702443602
0.22062663435935975
0.25599398314952854
0.20327652285341175
0.2101463630795479
0.20339780282229186
0.4314059317111969
0.20432643862441183
0.20353695414960385
0.42917984127998354
0.20567721608094872
0.20311012957245111
0.228423098474741
0.21230522766709328
0.20571874426677825
0.23860550224781038
0.20804826663807036
0.3060156643390656
0.5667539328336716
0.2759199231863022
0.20340704238042237
0.8197327733039856
0.4481157481670379
0.2281476676464081
0.2454899162054062
0.22596499770879747
0.2416059395298362
0.42331372499465936
0.4339933037757874
0.2228950634598732
0.22638838030397895
0.21396619295701386
0.20743261370807886
0.2055926143191755
0.20414053993299605
0.3313379943370819
0.27040973007678987
0.2053477869834751
0.7971433639526367
0.5610515832901001
0.35423489212989806
0.30762098468840127
0.21137949377298357
0.20492267813533546
0.21025441493839025
0.21421363130211832
0.39109560251235964
0.2426682233810425
0.23576361015439035
0.2124502530321479
0.2056737364269793
0.20317199563141913
0.36691127941012386
0.23107557818293573
0.5028053820133209
0.2274025719612837
0.20811547227203847
0.5310855329036712
0.2462922066450119
0.2032500306144357
0.20422058682888747
0.2152393039315939
0.3597177609801293
0.2371084377169609
0.20407531063538045
0.7047969698905945
0.21438373923301698
0.20517859314568343
0.2986313238739967
0.20445221851114184
0.20985074285417796
0.5854584336280823
0.24405462704598904
0.25675472766160967
0.20851579792797567
0.20640573501586915
0.25034947842359545
0.8169499397277832
0.2338109165430069
0.6608902454376221
0.2134966652840376
0.20681894272565843
0.24674125909805297
0.37433785125613217
0.2054079824127257
0.20326791182160378
0.20409857938066125
0.20334597488399594
0.21569107174873353
0.2058010114822537
0.22864885460585357
0.20401863791048527
0.20575295444577932
0.2054904993623495
0.34672879576683047
0.20446526766754686
0.20612781271338465
0.39532277584075926
0.22231820430606605
0.20376570047810674
0.5498212099075318
0.20845293067395687
0.23934479579329493
0.20658611543476585
0.20394164016470315
0.21826857039704922
0.2048638302832842
0.20311100040562452
0.20583904134109618
0.20602912120521072
0.24518340788781645
0.2128649715334177
0.20327074851375074
0.204099494824186
0.2229594700038433
0.8869683742523193
0.2045714736916125
0.23151546828448774
0.25077613294124607
0.29288374781608584
0.6470106482505799
0.39391901642084126
0.47432464957237247
0.2030311332317069
0.21553609222173692
0.20655889343470335
0.20404448271729053
0.3225126564502716
0.22993131577968598
0.20507095307111742
0.43632017374038695
0.23205224312841893
0.20458888933062555
0.20399369848892093
0.20557445944286884
0.21609468385577205
0.21319810282438995
0.3170111566781998
0.3555056929588318
0.9264985084533691
0.22279391065239906
0.2229455016553402
0.23460671305656433
0.2123792737722397
0.20649147015064956
0.20572857800871136
0.20415340019389988
0.21785276420414448
0.5355318754911423
0.5287043392658234
0.2478883318603039
0.20965079590678215
0.20320004590321333
0.20304423759225756
0.20400977001991125
0.4762959361076355
0.2705566253513098
0.2032390563632362
0.2665317475795746
0.2044501917436719
0.21105192340910434
0.22426517903804782
0.21631309930235149
0.2046594965737313
0.20779524520039558
0.3757115840911865
0.2239965170621872
0.27684805691242215
0.26011871919035917
0.7715479135513306
0.9284757733345032
0.42282613869756464
0.4515394687652588
0.5242357730865479
0.2048680955078453
0.2211097188293934
0.22180235832929612
0.2514922857284546
0.2214969377964735
0.2233992472290993
0.2076338378712535
0.20900423852726818
0.20373706682585183
0.20297844796441497
0.21573356725275517
0.8080249309539794
0.2348424628842622
0.21178060956299308
0.5002480804920196
0.2521684721112251
0.22026500031352045
0.20545328091830017
0.21986438632011415
0.2295994117856026
0.8149003505706788
0.21392286419868473
0.2032604265026748
0.3419006854295731
0.2776724822819233
0.4139080703258515
0.20353458968456836
0.20570332612842324
0.22904429733753204
0.3039426919072866
0.20654454901814462
0.20433962270617487
0.8688346505165101
0.2290337137877941
0.6413466334342957
0.2082090198993683
0.22283556684851646
0.2084956031292677
0.207867069542408
0.29391247630119327
0.30601803399622446
0.705333936214447
0.20550866411067545
0.26135674826800825
0.5567080289125443
0.20591744184494018
0.24302560277283192
0.389172300696373
0.20641774162650112
0.21312612481415272
0.25813134387135506
0.2437065690755844
0.9678988695144654
0.23466336429119108
0.20374435847625136
0.2856511116027832
0.2029739105841145
0.44089664816856383
0.2051323819672689
0.23857243061065675
0.20633452106267217
0.33637455701828
0.20679447390139105
0.4996618390083313
0.23844290524721146
0.2488536849617958
0.20911417528986934
0.3025631844997406
0.20305196372792125
0.2536527290940285
0.7545606136322021
0.20440271794795992
0.20501405131071807
0.20432931622490286
0.2451106444001198
0.25475785695016384
0.28807466141879556
0.22734377197921277
0.20635107289999724
0.2836627885699272
0.20656304229050876
0.20510552264750004
0.43767223358154295
0.20487373396754266
0.2301697883754969
0.20292471291031688
0.21503542484715582
0.20868892422877253
0.22247194238007068
0.2090151932090521
0.2072579470463097
0.2039201755542308
0.7244619131088257
0.20590322548523546
0.21194249317049982
0.20403515838552266
0.20399209992028774
0.2786061942577362
0.21675868537276982
0.7032379508018494
0.2071208623237908
0.3149173706769943
0.2072722587734461
0.20676415897905828
0.35918962955474854
0.5021820425987243
0.2042964382097125
0.21066721174865963
0.3473019003868103
0.5912223815917969
0.8954354166984558
0.20568359214812518
0.26609168052673343
0.4299592494964599
0.4353696793317795
0.2058724608272314
0.8144185423851013
0.21957143098115922
0.45412372350692753
0.2161312211304903
0.2612497709691525
0.2167817659676075
0.20394089315086605
0.20462093111127616
0.21058428613469005
0.20898756384849548
0.22981123775243759
0.28627488799393175
0.24584269598126413
0.20297785841394217
0.20338505068793894
0.20592545485123995
0.35683870911598203
0.7548840880393982
0.20309010749915615
0.3179281413555145
0.7075519680976867
0.20395400184206666
0.20675093904137615
0.2042382690124214
0.48598486781120304
0.2388395518064499
0.23903521597385408
0.20590846799314022
0.20334652219899002
0.20416117208078505
0.2036976064555347
0.35203324556350707
0.2144921310245991
0.37410786151885983
0.20452885045669972
0.22297473810613158
0.244669571518898
0.3810046911239624
0.765313720703125
0.8834744215011596
0.6422313213348388
0.2032998648937792
0.23325621336698532
0.20502880811691285
0.20740789752453567
0.2067006763070822
0.45679307579994205
0.20582956345751882
0.2057372775860131
0.20634971782565117
0.640848195552826
0.6049061775207519
0.3654538944363594
0.20463702147826554
0.20886959135532382
0.20777516867965462
0.21081418059766294
0.31993865873664623
0.3009269380941987
0.22204727064818144
0.20801905989646913
0.2671585023403168
0.48387439846992497
0.9581114411354066
0.20569004584103823
0.21773631498217583
0.20533300694078208
0.2041276968084276
0.22930376827716828
0.2058917568996549
0.20323204477317633
0.20659447964280844
0.22782614305615426
0.803819465637207
0.4301672101020813
0.6275096602737904
0.20557273868471385
0.20519910790026188
0.21030676253139974
0.5810535371303559
0.2154266471043229
0.20422426126897336
0.21551713058725
0.8664124727249145
0.7459218382835389
0.9030743360519409
0.23504691645503045
0.20469269624445588
0.4039469718933105
0.8268524527549743
0.2084019762463868
0.49967316389083866
0.26026253625750545
0.8543931245803833
0.27194232344627384
0.2046667368616909
0.2149256344884634
0.20366777172312142
0.2082393614575267
0.21774604991078378
0.2451644152402878
0.6637395381927491
0.34778292514383796
0.2029928954318166
0.2047452360391617
0.37445384413003924
0.20686776470392942
0.2076199881732464
0.6876737356185914
0.2192650839686394
0.2044086745940149
0.2530917178839445
0.20476149467285723
0.20777526805177332
0.21018368359655143
0.20833082757890226
0.20853872038424018
0.31225950717926027
0.2649151682853699
0.7821526288986206
0.3701686799526215
0.2912365734577179
0.6227734446525574
0.2044295963831246
0.5916456937789917
0.21769361495971679
0.2812506139278412
0.20501594962552191
0.20716402605175974
0.5883757174015045
0.5061813533306122
0.20440393732860684
0.2818996042013169
0.20406961347907782
0.20695069171488287
0.9434497594833373
0.20320405792444945
0.21066708853468302
0.2080581743270159
0.25749846398830417
0.2055559078231454
0.4351931393146515
0.21500495821237564
0.2062873335555196
0.4379203855991364
0.20559132345952094
0.4324721619486809
0.38449850082397463
0.2046718452591449
0.2035188605543226
0.8295102834701538
0.20759214982390406
0.2091771259903908
0.2061867078766227
0.20784462392330172
0.20801264308393003
0.24158452302217487
0.4534951508045197
0.26206105053424833
0.9541359186172486
0.9675289034843444
0.27598717138171197
0.3875804662704468
0.2846539385616779
0.7749751210212708
0.20779545530676843
0.22860098257660869
0.2267093699425459
0.2047431359998882
0.20321356479544195
0.21022837683558465
0.3079189121723175
0.22151263132691384
0.20592160613741728
0.20576421404257417
0.20635834354907276
0.5203456699848175
0.20413891421630978
0.21646770350635053
0.2296084389090538
0.20420936085283756
0.20787255754694345
0.21743069179356098
0.20623278915882112
0.2407854810357094
0.24222296178340913
0.22231291886419058
0.2112542054615915
0.20512542575597764
0.20841247588396075
0.2167487658560276
0.21683655194938184
0.21282228082418445
0.3587603449821472
0.20328638404607774
0.20476652602665127
0.22029414698481561
0.20386412176303567
0.21200396083295348
0.27761519849300387
0.20674089659005404
0.21451377496123317
0.2105005092918873
0.2030344805913046
0.20389188108965756
0.20491327161435038
0.5270056962966919
0.3864769220352173
0.2183813663199544
0.20628817817196252
0.7079949975013733
0.2590205878019333
0.8500863552093505
0.22781010866165163
0.2579414591193199
0.20683560632169248
0.22420597225427627
0.20839679818600415
0.20583015652373435
0.4545046806335449
0.6940827190876008
0.20563990306109192
0.22249668715521695
0.20467533217743042
0.2078744323924184
0.2135609772056341
0.20494646900333466
0.20615919521078468
0.21671302840113643
0.20670848302543166
0.20611438066698612
0.24346302896738053
0.21732962504029274
0.23594085294753314
0.2099650307558477
0.20527316429652276
0.28725603222846985
0.2891607999801636
0.6515121340751648
0.4729451417922974
0.20388671336695555
0.20365602960810067
0.20392360882833602
0.20442697191610934
0.22591150850057604
0.2048073373734951
0.2044896274805069
0.28735164478421216
0.21279840618371965
0.2510762586258352
0.21493608206510545
0.2031143258092925
0.3325325079262257
0.20604760958813131
0.25852816700935366
0.21165288873016835
0.3843462496995926
0.2326400622725487
0.20838026814162733
0.20412795525044206
0.21507769301533702
0.39639826044440274
0.25166262686252594
0.20325013073161247
0.6291264683008194
0.20960703101009132
0.20860458202660087
0.2065282778814435
0.20396497012116016
0.20640016151592136
0.21845556572079658
0.2076823785668239
0.20581005653366446
0.7913060426712035
0.45118751525878903
0.32772172093391416
0.36442437767982483
0.6403506994247437
0.45607026815414425
0.2051990260370076
0.2086004264652729
0.20848136749118568
0.20482834018766882
0.20450552585534754
0.2034104623831809
0.2534320339560509
0.9703105926513671
0.20483506154268982
0.9504714012145996
0.2168676242232323
0.22609162107110026
0.20538404379040004
0.20663741594180465
0.2037476502126083
0.8414559721946716
0.22651436682790518
0.2092600202187896
0.20427556931972507
0.30765876173973083
0.20848525296896697
0.30793799757957463
0.2148827978409827
0.2791284084320068
0.42994472086429597
0.843315875530243
0.2087535507977009
0.3427712440490723
0.2256015717983246
0.21717516258358957
0.21307766810059547
0.45327637195587156
0.6331755518913269
0.20450020488351583
0.21454885229468348
0.9605004787445068
0.20680535808205605
0.20503429661039263
0.2045594747643918
0.4881272375583649
0.2079967518337071
0.22168787112459543
0.20773618267849087
0.20515542905777695
0.8481493592262268
0.7887859106063843
0.2061352113261819
0.20744257038459182
0.20350270248018207
0.2032418256625533
0.2070660907775164
0.20499040931463244
0.23298996835947036
0.20743664037436246
0.2114950051531196
0.24628864377737048
0.28711755871772765
0.21104422751814128
0.2129680193960667
0.24539639949798586
0.3437971014529467
0.20563650447875265
0.20763733740895987
0.5875195264816284
0.6835532128810884
0.2042779219336808
0.341856486350298
0.20377026977948845
0.21018372997641566
0.20503764301538469
0.2061753982678056
0.20835390556603672
0.9435281395912171
0.36861093044281
0.34253962039947505
0.3825521111488342
0.24620375037193298
0.4809377431869507
0.5501782059669494
0.4690119385719299
0.4947146654129028
0.7675931215286255
0.5686973094940186
0.7650307893753052
0.3051376402378082
0.5996938467025756
0.6114575028419494
0.22491818703711033
0.20777085199952128
0.4517753064632416
0.358221672102809
0.20611253120005132
0.20296209712978452
0.2055343883112073
0.2223668992519379
0.2692062437534332
0.21198633369058373
0.21733543425798416
0.20689283758401872
0.20337535650469363
0.27485793679952625
0.20526765808463096
0.204218480293639
0.20812123967334628
0.3276450753211975
0.2046314320527017
0.20376981887966397
0.20695203831419348
0.20501284934580327
0.20844430141150952
0.23229142427444457
0.2071038409601897
0.3121489075012505
0.23059141784906387
0.22390933185815812
0.5291252851486206
0.2795026421546936
0.2837030291557312
0.6054247915744781
0.2684520483016968
0.20345228463411333
0.3395025849342346
0.2101804651319981
0.4050074934959412
0.7843856453895568
0.20943861687555912
0.2043419840745628
0.20761186284944416
0.21032747160643342
0.43057510256767273
0.21477214172482492
0.20577184949070215
0.39262341260910033
0.20961872087791564
0.3220382459461689
0.20559251634404066
0.22250327765941622
0.20842558201402425
0.22184760719537738
0.204174798168242
0.2987883061170578
0.5482093691825867
0.20423511140979828
0.20622035237029196
0.2267379604279995
0.21005059257149697
0.21102197393774988
0.2072117409668863
0.20460602203384043
0.20564486188814046
0.21356818061321975
0.571211326122284
0.6387181639671325
0.521184616163373
0.21158374138176442
0.21501079015433788
0.20804034229367974
0.6120063185691833
0.685614562034607
0.629443359375
0.6836167693138122
0.7847899317741394
0.7675753951072692
0.3587217330932617
0.9222911953926087
0.28393275141716
0.7547258496284486
0.2511321406811476
0.21663049496710302
0.28895319402217867
0.2992942837998271
0.8319265961647033
0.3205184264108539
0.7495815038681031
0.21436171559616923
0.2059554365463555
0.2321773260831833
0.2068591161631048
0.4831050157546997
0.2223005075007677
0.222216428257525
0.22587129399180414
0.21157776638865472
0.3554574579000473
0.22728246522601694
0.20561315529048446
0.20560627887025476
0.41906543374061583
0.21166781997308137
0.6464041531085968
0.24125023633241655
0.28368995189666746
0.3470218673348427
0.21234140805900098
0.2860535759478807
0.20999092217534782
0.6052429556846618
0.20830313563346864
0.6985847234725953
0.6674099922180177
0.4088355254381895
0.6814474701881409
0.23327370006591083
0.22112023048102855
0.2090321943163872
0.6262779593467712
0.20961668714880943
0.21030252128839494
0.21720015965402126
0.21487282318994405
0.30521205291152004
0.20574502218514681
0.20645626559853555
0.2037520047510043
0.2581751897931099
0.2380059152841568
0.34961748719215396
0.33602380752563477
0.5176687836647034
0.7971266865730285
0.7878977417945862
0.7091245174407959
0.36755960583686825
0.2094486728310585
0.2059348974376917
0.20371183906681836
0.20461830459535124
0.36148917078971865
0.4701083779335022
0.5338773727416992
0.7367252826690674
0.39981024907901885
0.2557749066501856
0.26172745525836943
0.204292181506753
0.24022924527525902
0.3675447225570679
0.20557607277296483
0.20664020953699946
0.2054456683807075
0.21381402388215065
0.20285941330948845
0.2033237054478377
0.20329858027398587
0.24888670742511748
0.20698518995195628
0.22074136659502983
0.5015394508838653
0.21464481502771376
0.2158601624891162
0.2149943525902927
0.2065308336168528
0.33838081955909727
0.742241907119751
0.20391771364957095
0.21410191617906096
0.5020694851875305
0.22073570638895038
0.5567232608795166
0.22471990585327148
0.26214642673730854
0.20331095121800902
0.20679804161190987
0.47805113792419435
0.25165421664714815
0.20654533319175244
0.204156316164881
0.2771617233753204
0.36557979583740235
0.9375414967536926
0.22665825933218003
0.6648859500885009
0.24119060039520263
0.23968137204647064
0.5424082159996033
0.2039499077945948
0.3718138903379441
0.20489358713384717
0.20415314086712896
0.20768013782799247
0.20392588642425838
0.22713848017156124
0.8055911183357238
0.21670871488749982
0.22009012475609782
0.6366344571113587
0.2278286051005125
0.2049060638062656
0.4085431128740311
0.2778944863006473
0.4881934762001038
0.21232024631462992
0.9032494306564331
0.6738541007041932
0.22345590181648733
0.55480430200696
0.23114111162722112
0.20346947852522135
0.2113872004672885
0.4668925434350968
0.5849270701408387
0.20785347195342185
0.35492514371871947
0.22329598963260652
0.20387183423154057
0.27895868094637993
0.227900131046772
0.206463211029768
0.21066514868289235
0.4849379062652588
0.20527961747720838
0.23181937113404275
0.20337364925071597
0.32735695093870165
0.2039385972544551
0.205167786590755
0.2134271813556552
0.2072364505380392
0.745708703994751
0.20528145376592877
0.21319185616448522
0.30515662860125303
0.20853578597307207
0.20538131473585963
0.20607762578874828
0.2851822435855866
0.24223274402320386
0.20630281018093227
0.21028334186412395
0.20702752214856446
0.4383677840232849
0.20366218192502855
0.20652967356145382
0.2457356967031956
0.20507959602400663
0.24744946062564852
0.2408256709575653
0.37830563187599187
0.2040200230665505
0.20479506105184556
0.20307527107652276
0.20426605762913824
0.3055695272982121
0.21391299031674862
0.4850028038024903
0.23652919530868532
0.3390515143051744
0.20475263008847833
0.20505445692688226
0.453558075428009
0.24271318316459656
0.237740708142519
0.23552475078031423
0.20889053232967855
0.20365137888584287
0.21045394837856293
0.22089641876518726
0.7185401439666749
0.20400290787220002
0.4993869036436081
0.20356415016576648
0.30342710539698603
0.25316127240657804
0.2485954351723194
0.22141913324594498
0.2253159816376865
0.20982177127152682
0.21731319576501845
0.20855478160083296
0.33405763506889347
0.22655729278922082
0.20713208019733428
0.2045918137766421
0.3054961085319519
0.20838057789951564
0.2068832227960229
0.20463785193860531
0.2230314509943128
0.20454868995584546
0.2101121737388894
0.48854057788848876
0.8028791427612305
0.2410994216799736
0.2158843168988824
0.24277602992951872
0.8220911145210267
0.2081640236079693
0.5532119691371918
0.38540478944778445
0.20343596180900933
0.2087478740606457
0.3973499342799187
0.21263986267149448
0.25180961191654205
0.2195611111819744
0.3524910189211369
0.22185370232909918
0.9569641947746277
0.2084966930560768
0.2543462809175253
0.20733969137072564
0.22088064327836038
0.3738404046744109
0.2113649004139006
0.21784265711903572
0.20731944404542446
0.20395378628745678
0.20562734976410865
0.45190073847770695
0.20600202260538936
0.2232581939548254
0.33002724051475524
0.31924546658992764
0.45916416049003606
0.20568795017898084
0.2094925737939775
0.23757354170084
0.3897169679403305
0.20651642167940737
0.27776020318269734
0.21059104362502695
0.5954692482948303
0.21780391652137043
0.41564553380012514
0.24317280650138856
0.5259802460670471
0.209090581163764
0.2123698500916362
0.3633869230747223
0.2134815789759159
0.5113209173083305
0.2066812955774367
0.23336136862635612
0.20532092610374095
0.21791147142648698
0.8916925072669982
0.20545359496027232
0.20572018823586405
0.27457549385726454
0.2125839716754854
0.22206160426139834
0.20470619099214676
0.21051958492025732
0.22873624190688133
0.8186204671859741
0.23974552601575852
0.23110439702868463
0.21072006588801742
0.36712619811296465
0.20514042051509024
0.31387417316436766
0.8136734962463379
0.20339880643878133
0.7765673637390137
0.2090292703360319
0.42346876859664917
0.20882761850953105
0.6144631505012512
0.3031924366950989
0.3823343336582184
0.43079588562250143
0.2408434733748436
0.37192530836910015
0.20488159921951593
0.20675539616495373
0.20337720513343813
0.20508347842842342
0.2061395513825119
0.20750843645073475
0.20598966982215644
0.23712922893464566
0.6093810677528381
0.21265264321118593
0.20970660969614982
0.24742191918194295
0.20780797414481642
0.6724679529666902
0.3453881502151489
0.2314469996839762
0.20752489287406206
0.205608837492764
0.22020475119352342
0.3982870578765869
0.3079898953437805
0.3594362914562225
0.2053670870140195
0.25412053018808367
0.6867746710777283
0.20462975227274002
0.8655714988708496
0.7874258279800415
0.3432149559259415
0.21104240817949177
0.2073856744915247
0.20913247279822827
0.6681995987892151
0.22361852042376995
0.49360736608505246
0.21547930762171746
0.40446532964706416
0.203819553880021
0.21166043598204853
0.21189839383587245
0.9048923850059509
0.20347462655045093
0.4685436218976975
0.7261436939239502
0.2053296945989132
0.41655653715133667
0.20571610694751144
0.22851219028234482
0.5939448058605193
0.41398231089115145
0.5999944686889649
0.20339678884483875
0.204541511554271
0.5070155441761017
0.21061320174485446
0.4814095854759216
0.2083534460514784
0.2599380280822516
0.26537890136241915
0.23060157597064973
0.20428604818880558
0.20313916087616238
0.2893414944410324
0.3292840957641602
0.3289859652519226
0.22424002215266228
0.20647156802006067
0.20685035064816476
0.33740879893302916
0.22193749519065023
0.20580371776595713
0.6434988260269165
0.23029630444943905
0.20366675849072635
0.22474436555057764
0.2544578839093447
0.20402604923583567
0.22187699358910323
0.9137766718864441
0.381291213259101
0.20852424390614036
0.5821759462356567
0.699129831790924
0.23538469821214678
0.2044298374094069
0.20503728268668056
0.2051831513643265
0.2752750039100647
0.26262231916189194
0.24364563077688217
0.20710549047216772
0.5674827456474304
0.20828755535185337
0.2073016580194235
0.21337418965995314
0.22028296813368797
0.2265847783535719
0.23778550028800965
0.2098363264463842
0.2112801376730204
0.2051634605973959
0.3581955015659332
0.7345540285110473
0.36157982349395745
0.3267512917518616
0.7310392498970031
0.42505203485488885
0.21035535484552384
0.5199531555175781
0.22772442549467087
0.23521109968423842
0.20613950137048961
0.49287617206573486
0.4793917953968048
0.5656297326087951
0.23447564095258716
0.20450653163716198
0.21192694120109082
0.20433513410389423
0.22699325606226922
0.21261702328920365
0.20571713810786607
0.8256429672241211
0.21625734493136406
0.3143946290016174
0.25820079147815705
0.20342786433175208
0.22750693820416928
0.24222951978445054
0.22778965681791305
0.5877781987190247
0.21121844798326492
0.21098004318773747
0.35591838527470826
0.21469492353498937
0.3430118277668953
0.21677323132753373
0.4821586191654205
0.3558335959911346
0.48717421293258667
0.5697080969810485
0.52426118850708
0.23257637917995455
0.5023572206497192
0.3420509219169617
