0.3303232192993164
0.8255374431610107
0.9551075100898743
0.8255595564842224
0.2563932240009308
0.45214173197746277
0.9642367362976074
0.28102222084999084
0.3064892888069153
0.2640073299407959
0.2620917558670044
0.9323321580886841
0.2658364176750183
0.7905520796775818
0.2581721246242523
0.736748218536377
0.9646015167236328
0.9088184833526611
0.8598411083221436
0.9637835025787354
0.34295278787612915
0.44089028239250183
0.9269899129867554
0.5212200284004211
0.2591051161289215
0.9146080017089844
0.25494638085365295
0.9646375775337219
0.9628669023513794
0.9641668200492859
0.677223801612854
0.9638710021972656
0.9487146735191345
0.4805361330509186
0.7423136830329895
0.8906552791595459
0.4234738051891327
0.2600933313369751
0.3382423222064972
0.891562283039093
0.6420125365257263
0.8687801957130432
0.28598907589912415
0.963512659072876
0.7615122199058533
0.45303335785865784
0.2583644390106201
0.8959787487983704
0.8420084714889526
0.959740400314331
0.9647841453552246
0.9151285290718079
0.9616702198982239
0.7106423377990723
0.9097984433174133
0.25930964946746826
0.5541184544563293
0.9463090896606445
0.2545269727706909
0.94890296459198
0.25401148200035095
0.2593348026275635
0.9615280032157898
0.9573029279708862
0.27590101957321167
0.8793447017669678
0.2640306055545807
0.8573509454727173
0.9646592140197754
0.8825215101242065
0.6627687811851501
0.9564545154571533
0.6474713683128357
0.26546329259872437
0.26926496624946594
0.3443796932697296
0.28545141220092773
0.9579771161079407
0.9588512778282166
0.9377145767211914
0.7429832816123962
0.438186913728714
0.5656682252883911
0.29172658920288086
0.9354251027107239
0.9629229307174683
0.9641005396842957
0.9532650113105774
0.44055822491645813
0.27394792437553406
0.2669687569141388
0.9535183310508728
0.2918737828731537
0.2673981785774231
0.9648903608322144
0.9649065136909485
0.9610517024993896
0.26127880811691284
0.9630456566810608
0.28146442770957947
0.9251161217689514
0.9201131463050842
0.962377667427063
0.9636952877044678
0.30936872959136963
0.2683940529823303
0.2658345103263855
0.8212853670120239
0.5255481600761414
0.2537999749183655
0.9646955728530884
0.25762200355529785
0.8915921449661255
0.3334795832633972
0.9593123197555542
0.3202603757381439
0.9530919194221497
0.9648528099060059
0.9648993015289307
0.9635865688323975
0.7185206413269043
0.9647607207298279
0.9604436755180359
0.6664628386497498
0.609940230846405
0.9626290202140808
0.9551738500595093
0.30196067690849304
0.8913589119911194
0.9420003294944763
0.5323712229728699
0.9643831849098206
0.7593262195587158
0.42282891273498535
0.6418445706367493
0.32699599862098694
0.2562354505062103
0.2724706828594208
0.9645780324935913
0.2575438320636749
0.913268506526947
0.962627112865448
0.9032807946205139
0.2535683810710907
0.9213091135025024
0.9527972340583801
0.2828163206577301
0.34374484419822693
0.9646289348602295
0.6411612629890442
0.2615199685096741
0.27230969071388245
0.26150304079055786
0.25442856550216675
0.8605405688285828
0.9482330083847046
0.9649091958999634
0.9643763899803162
0.7649140357971191
0.898734986782074
0.964544415473938
0.9088953733444214
0.7795996069908142
0.9645617008209229
0.2541920840740204
0.2577524781227112
0.9389969110488892
0.9596598148345947
0.2533659040927887
0.9301531910896301
0.9647813439369202
0.9456896781921387
0.919457733631134
0.933951735496521
0.31237202882766724
0.9588046669960022
0.9149786233901978
0.2545356750488281
0.8935239911079407
0.40121591091156006
0.9619953632354736
0.8142931461334229
0.4019670784473419
0.9648480415344238
0.6638315916061401
0.9644400477409363
0.9644833207130432
0.5925073623657227
0.9633150100708008
0.6638308763504028
0.8906036019325256
0.25465911626815796
0.2571689486503601
0.2574150860309601
0.6258795261383057
0.9625108242034912
0.9453215003013611
0.4703097343444824
0.79042649269104
0.9146837592124939
0.7445194721221924
0.7470096945762634
0.8565035462379456
0.9645984172821045
0.9646162986755371
0.254425048828125
0.27626433968544006
0.9066857695579529
0.9534797668457031
0.9646069407463074
0.46901842951774597
0.27168014645576477
0.332800954580307
0.657202959060669
0.8057113885879517
0.26137083768844604
0.9459410309791565
0.9414185881614685
0.632506251335144
0.25753557682037354
0.32440948486328125
0.9639388918876648
0.2579042315483093
0.951038122177124
0.9648967981338501
0.26077279448509216
0.25412699580192566
0.2865138053894043
0.303203284740448
0.9646473526954651
0.25640904903411865
0.3116150498390198
0.46064022183418274
0.9624930024147034
0.25519365072250366
0.9562965035438538
0.6098845601081848
0.48843085765838623
0.9368494153022766
0.40995562076568604
0.2561150789260864
0.7978038787841797
0.9334111213684082
0.2849067151546478
0.8665969371795654
0.5313171148300171
0.9648024439811707
0.9432622790336609
0.964744508266449
0.9634360671043396
0.9602773189544678
0.2745339274406433
0.2833019495010376
0.30970510840415955
0.8187852501869202
0.9640330672264099
0.9634554386138916
0.8507716059684753
0.26465892791748047
0.25431907176971436
0.9574945569038391
0.8919896483421326
0.2567906081676483
0.541572093963623
0.254508376121521
0.9635792970657349
0.6329569816589355
0.5386933088302612
0.2536913752555847
0.2636558413505554
0.9568925499916077
0.25961992144584656
0.25395092368125916
0.9286932945251465
0.9591776728630066
0.2910340428352356
0.2601836621761322
0.6963679194450378
0.8762547969818115
0.9561834335327148
0.38487863540649414
0.25380635261535645
0.946778416633606
0.7165403366088867
0.9625398516654968
0.36620965600013733
0.39593231678009033
0.8906642198562622
0.9649049043655396
0.6256455183029175
0.9598620533943176
0.9643521308898926
0.5725436806678772
0.9648653864860535
0.2596171200275421
0.2559896409511566
0.8596863746643066
0.9607738852500916
0.9158744812011719
0.2648211717605591
0.8735756278038025
0.8303138017654419
0.935163140296936
0.9615561366081238
0.623414933681488
0.8241060972213745
0.4045502841472626
0.9644874334335327
0.8481179475784302
0.9413354396820068
0.755855143070221
0.26075008511543274
0.7932693362236023
0.9647577404975891
0.9634028673171997
0.3033362925052643
0.2666235566139221
0.2569897770881653
0.8629199862480164
0.25453272461891174
0.936924159526825
0.26791641116142273
0.9649000763893127
0.9636160135269165
0.637478232383728
0.88470059633255
0.9648799300193787
0.964260995388031
0.8787964582443237
0.2561686933040619
0.32468095421791077
0.9584081172943115
0.9062752723693848
0.33723634481430054
0.9648776650428772
0.8958980441093445
0.25552672147750854
0.9647773504257202
0.9589047431945801
0.9096373319625854
0.928691565990448
0.27533361315727234
0.5016342997550964
0.3572485148906708
0.2565329372882843
0.9648096561431885
0.9642719030380249
0.8695202469825745
0.3583904504776001
0.2682913839817047
0.3480295240879059
0.881767213344574
0.2610028088092804
0.25450989603996277
0.44758909940719604
0.8978472948074341
0.8244868516921997
0.6643286347389221
0.964861273765564
0.936684250831604
0.3061855137348175
0.7910842299461365
0.9321516752243042
0.9554831385612488
0.9639275074005127
0.9645029306411743
0.937694787979126
0.9568539261817932
0.9608643651008606
0.7540302872657776
0.9580249190330505
0.9640482664108276
0.26877206563949585
0.8563289642333984
0.957158088684082
0.9642056226730347
0.9648680090904236
0.7920318245887756
0.8764020800590515
0.2634448707103729
0.9627306461334229
0.8712069988250732
0.9644133448600769
0.9592231512069702
0.8213639259338379
0.9249073266983032
0.8813220262527466
0.25681477785110474
0.893653392791748
0.874439001083374
0.9647764563560486
0.25521719455718994
0.32926085591316223
0.8575933575630188
0.2567000687122345
0.25799351930618286
0.3353952467441559
0.46064823865890503
0.8825607299804688
0.5254198312759399
0.958793580532074
0.9648598432540894
0.9628890752792358
0.964853823184967
0.9489197134971619
0.964522659778595
0.8904340267181396
0.2542473077774048
0.7673075199127197
0.25372210144996643
0.9644764065742493
0.9516366720199585
0.9638403654098511
0.9590902328491211
0.36639994382858276
0.964260458946228
0.2546554505825043
0.9648469686508179
0.8579220175743103
0.7433609962463379
0.2567126154899597
0.9188621044158936
0.2621878981590271
0.6828997731208801
0.9640834927558899
0.8872065544128418
0.7192833423614502
0.5504948496818542
0.9640184640884399
0.5547404289245605
0.7988695502281189
0.9529233574867249
0.2649719715118408
0.27201706171035767
0.9649075269699097
0.25337910652160645
0.25342410802841187
0.9580426216125488
0.2850562334060669
0.2817052900791168
0.2579292058944702
0.9361633658409119
0.937143862247467
0.832028865814209
0.9474983215332031
0.8322403430938721
0.6948563456535339
0.27114489674568176
0.9480754733085632
0.9514985084533691
0.9525981545448303
0.9627395868301392
0.4807734191417694
0.4365290403366089
0.9648073315620422
0.9646124243736267
0.5167199969291687
0.9648237228393555
0.25434741377830505
0.9631839394569397
0.2794951796531677
0.8956730961799622
0.26636990904808044
0.9108567237854004
0.25415587425231934
0.9514684081077576
0.6625277400016785
0.9504120945930481
0.9463219046592712
0.7863073945045471
0.690900444984436
0.32453787326812744
0.9614189267158508
0.9307796955108643
0.9647091031074524
0.25996991991996765
0.9598384499549866
0.9636701345443726
0.2569315433502197
0.2562164068222046
0.7917500734329224
0.5999076962471008
0.96485835313797
0.2624351680278778
0.9622577428817749
0.9637425541877747
0.9647355079650879
0.3994028866291046
0.9642592668533325
0.4820117652416229
0.9459576606750488
0.9448909759521484
0.9594504833221436
0.4102865159511566
0.5561721920967102
0.25570157170295715
0.2578829526901245
0.3219105899333954
0.25673529505729675
0.2550939917564392
0.25630685687065125
0.7568948864936829
0.9622220993041992
0.31220170855522156
0.9644449353218079
0.4548025131225586
0.7748726606369019
0.827157199382782
0.9568727016448975
0.263622522354126
0.9624030590057373
0.8228134512901306
0.2604028284549713
0.26826047897338867
0.2557902932167053
0.9116960167884827
0.8829329013824463
0.929619550704956
0.2600509524345398
0.25368866324424744
0.963567852973938
0.9635339975357056
0.9645734429359436
0.9629678130149841
0.5628689527511597
0.2585872709751129
0.9272563457489014
0.9029260873794556
0.31871339678764343
0.2536120116710663
0.27849090099334717
0.3566568195819855
0.3319600224494934
0.3238332271575928
0.9115235209465027
0.6526156067848206
0.26353132724761963
0.933861494064331
0.5058939456939697
0.5366867780685425
0.9240909218788147
0.4481711685657501
0.25915074348449707
0.9322692155838013
0.936687171459198
0.3184554874897003
0.27160024642944336
0.9645854234695435
0.7465493679046631
0.4525597095489502
0.2566792070865631
0.2589677572250366
0.9630106091499329
0.2744477689266205
0.9066983461380005
0.8576675653457642
0.28830260038375854
0.9630947113037109
0.9648145437240601
0.2544645369052887
0.9609009623527527
0.9594621062278748
0.9607746601104736
0.962689220905304
0.25675705075263977
0.47718068957328796
0.9345943927764893
0.9621504545211792
0.8906722068786621
0.5230056643486023
0.9468754529953003
0.2538948357105255
0.8675215244293213
0.9323109984397888
0.9231407046318054
0.6766520738601685
0.9147567749023438
0.9441784024238586
0.3575860559940338
0.9237021207809448
0.9091521501541138
0.9641172885894775
0.5877450704574585
0.8185281753540039
0.958436906337738
0.3746340572834015
0.6601219177246094
0.5876330733299255
0.8239060640335083
0.702924370765686
0.9637568593025208
0.2542179226875305
0.9629232287406921
0.8494776487350464
0.9639909863471985
0.9631569981575012
0.25394323468208313
0.25903892517089844
0.2557225823402405
0.2589009404182434
0.2591162323951721
0.9642308950424194
0.9644971489906311
0.9545938372612
0.5636950135231018
0.7834423780441284
0.29201269149780273
0.29624953866004944
0.5855613350868225
0.6261817812919617
0.3126935660839081
0.9621216654777527
0.9513486623764038
0.2576144337654114
0.9513590931892395
0.9626923203468323
0.9265356063842773
0.961402416229248
0.7536677122116089
0.9642234444618225
0.9342517256736755
0.2574753761291504
0.8723242282867432
0.25829964876174927
0.26513874530792236
0.26588037610054016
0.9571942090988159
0.9638477563858032
0.2556825578212738
0.9389709830284119
0.28934359550476074
0.5066256523132324
0.7191169857978821
0.2575052082538605
0.9546928405761719
0.2567738890647888
0.2626398801803589
0.957524299621582
0.25508829951286316
0.25833046436309814
0.7057374119758606
0.2805984616279602
0.964828610420227
0.9562435150146484
0.8508011698722839
0.3142273426055908
0.9639651775360107
0.526624321937561
0.8599913120269775
0.9526302814483643
0.47426074743270874
0.28714820742607117
0.27485376596450806
0.659421443939209
0.9444257020950317
0.2584421634674072
0.9616769552230835
0.33324742317199707
0.9636856317520142
0.8668742775917053
0.26036059856414795
0.2547222375869751
0.96045982837677
0.2755444049835205
0.5631243586540222
0.8569232225418091
0.8776946663856506
0.27834463119506836
0.253883421421051
0.9458482265472412
0.2540549635887146
0.31720784306526184
0.26288148760795593
0.6953097581863403
0.6348958015441895
0.9595059156417847
0.958835780620575
0.9101258516311646
0.6133419275283813
0.6787378787994385
0.9624689817428589
0.3743652105331421
0.28193533420562744
0.254858136177063
0.43073463439941406
0.31164008378982544
0.9643979072570801
0.46236464381217957
0.5576106905937195
0.9647879004478455
0.9596895575523376
0.43667495250701904
0.2541050910949707
0.8532830476760864
0.26316484808921814
0.9603328108787537
0.2549617290496826
0.964769721031189
0.46652474999427795
0.9502079486846924
0.9486683011054993
0.9591860771179199
0.5652973055839539
0.2819726765155792
0.850860059261322
0.6266356706619263
0.3648078143596649
0.9615058898925781
0.9565671682357788
0.9501038789749146
0.9280612468719482
0.9537091255187988
0.7176646590232849
0.9637585282325745
0.7005724310874939
0.8855533599853516
0.5636140704154968
0.9639712572097778
0.9429236650466919
0.259393572807312
0.7119061946868896
0.48808640241622925
0.8970574736595154
0.5116998553276062
0.2544980049133301
0.26242074370384216
0.9603143334388733
0.8885374069213867
0.2573102116584778
0.8548445701599121
0.6020042300224304
0.962315022945404
0.877732515335083
0.9615470767021179
0.9368905425071716
0.9625291228294373
0.9521898627281189
0.26477986574172974
0.2535743713378906
0.5947061777114868
0.964350700378418
0.8070459365844727
0.9641714692115784
0.2550007998943329
0.947252094745636
0.964381754398346
0.9444405436515808
0.5544824004173279
0.2610974609851837
0.77655428647995
0.28477048873901367
0.7476608157157898
0.2542961835861206
0.8495164513587952
0.9266701936721802
0.6920915842056274
0.7340965867042542
0.8386011719703674
0.5614358186721802
0.9587373733520508
0.9641098380088806
0.9613143801689148
0.2774331867694855
0.9649010896682739
0.9605504274368286
0.894781231880188
0.8399113416671753
0.8535524606704712
0.9399026036262512
0.25512728095054626
0.9585297107696533
0.293086975812912
0.9648592472076416
0.942951500415802
0.4943094849586487
0.27453944087028503
0.2549624741077423
0.8063620924949646
0.4946852922439575
0.2539963126182556
0.3365606367588043
0.9032461047172546
0.6408076286315918
0.9405754804611206
0.9533396363258362
0.2684985101222992
0.9632964730262756
0.904859721660614
0.9645150303840637
0.49747341871261597
0.8650029897689819
0.9414190649986267
0.3047732710838318
0.3768598437309265
0.6292914152145386
0.8288999199867249
0.6047446131706238
0.9517871141433716
0.9640980958938599
0.9389130473136902
0.2560391128063202
0.9546833634376526
0.4485429525375366
0.9616537094116211
0.264557808637619
0.8842291831970215
0.2659856677055359
0.7539844512939453
0.9643136858940125
0.25462257862091064
0.8615161776542664
0.25977325439453125
0.8489030003547668
0.9626993536949158
0.9647719264030457
0.5162021517753601
0.9634920358657837
0.9644339680671692
0.9068156480789185
0.7521061301231384
0.2681041955947876
0.592988133430481
0.9572170376777649
0.5245221853256226
0.9325713515281677
0.4189841151237488
0.954046905040741
0.2815605700016022
0.9348725080490112
0.9331211447715759
0.3650100827217102
0.9505953192710876
0.9639805555343628
0.9621451497077942
0.25386860966682434
0.6613835096359253
0.9647711515426636
0.2987794578075409
0.3069078326225281
0.9518263936042786
0.28428971767425537
0.963380753993988
0.962717592716217
0.37083446979522705
0.25354838371276855
0.2601371109485626
0.2537957727909088
0.9201925992965698
0.2575646936893463
0.9643988013267517
0.9637922644615173
0.9533498287200928
0.2839811146259308
0.31419655680656433
0.9624654054641724
0.4056120216846466
0.9648892283439636
0.3674304485321045
0.9598968029022217
0.7882917523384094
0.9648435115814209
0.9636510014533997
0.2537226974964142
0.7421818375587463
0.4028509557247162
0.9648156762123108
0.9478946328163147
0.3748941719532013
0.7864233255386353
0.26739218831062317
0.9507924914360046
0.8883959650993347
0.6696392297744751
0.26337796449661255
0.29092949628829956
0.9596152305603027
0.6577386260032654
0.9495317935943604
0.2546331286430359
0.6835002899169922
0.8155224323272705
0.8365920186042786
0.617327094078064
0.9613078832626343
0.2574687600135803
0.26583918929100037
0.2574281394481659
0.9345670938491821
0.25588810443878174
0.31408002972602844
0.964616596698761
0.9635744094848633
0.927143394947052
0.7165608406066895
0.25410497188568115
0.9620484113693237
0.9523792862892151
0.27411431074142456
0.2614680528640747
0.9306641221046448
0.9648126363754272
0.9640759229660034
0.9412391185760498
0.7709692716598511
0.8946829438209534
0.9629924297332764
0.6168965101242065
0.9582122564315796
0.936722993850708
0.9539628028869629
0.9437153339385986
0.25649985671043396
0.8556802868843079
0.3548477590084076
0.6941710114479065
0.8977286219596863
0.4775034785270691
0.8095312118530273
0.31077811121940613
0.9644178748130798
0.8460039496421814
0.7920658588409424
0.31796130537986755
0.27505844831466675
0.9086178541183472
0.9591839909553528
0.2700691223144531
0.8916404843330383
0.39449775218963623
0.40906110405921936
0.7971641421318054
0.25403091311454773
0.9624718427658081
0.7260863184928894
0.9646888375282288
0.5129315853118896
0.2574942708015442
0.9647064805030823
0.9599519371986389
0.9645563960075378
0.9641403555870056
0.7802597284317017
0.25395798683166504
0.26769396662712097
0.27202773094177246
0.9598396420478821
0.6141844987869263
0.9648772478103638
0.25585269927978516
0.2563972473144531
0.9648073315620422
0.27209582924842834
0.7865867614746094
0.25593438744544983
0.6661221981048584
0.6171707510948181
0.7322336435317993
0.9613209962844849
0.9612234830856323
0.9367327094078064
0.951960563659668
0.9573800563812256
0.3663479685783386
0.9635754227638245
0.2570916414260864
0.5907540917396545
0.2589988708496094
0.9647547602653503
0.9182754755020142
0.9600305557250977
0.2540997564792633
0.2619057297706604
0.95250403881073
0.28556638956069946
0.25404879450798035
0.9574532508850098
0.34157848358154297
0.9307438135147095
0.256315141916275
0.9288801550865173
0.8063122034072876
0.9361744523048401
0.3259296715259552
0.7064951062202454
0.25581613183021545
0.9231512546539307
0.2567639946937561
0.9566301107406616
0.963755190372467
0.2557451128959656
0.5309924483299255
0.9431812763214111
0.7701352834701538
0.253505140542984
0.34661442041397095
0.9610905647277832
0.2925906777381897
0.5216932892799377
0.254008412361145
0.8686391115188599
0.9643700122833252
0.9231581687927246
0.6835625171661377
0.9448034167289734
0.9645342230796814
0.9617334008216858
0.2587672472000122
0.9588685631752014
0.9613503813743591
0.9589057564735413
0.964643120765686
0.4275067448616028
0.5512986779212952
0.9538832902908325
0.5897942185401917
0.9627768397331238
0.26755112409591675
0.9644205570220947
0.2544483542442322
0.9603798985481262
0.8784247040748596
0.9583815336227417
0.9545863270759583
0.25571855902671814
0.38225048780441284
0.962541937828064
0.9643643498420715
0.5267801284790039
0.8268035054206848
0.6836737990379333
0.9635209441184998
0.9137640595436096
0.25351402163505554
0.9621638059616089
0.28235912322998047
0.2589101195335388
0.5725182890892029
0.6346091032028198
0.9601147770881653
0.2549028992652893
0.786443829536438
0.32501521706581116
0.9625322222709656
0.6459143161773682
0.9532794952392578
0.2639806270599365
0.2993468940258026
0.30264127254486084
0.2565884590148926
0.9617466330528259
0.2698019742965698
0.8791027665138245
0.6906610727310181
0.8230873942375183
0.9648478031158447
0.964287281036377
0.8825406432151794
0.7663367986679077
0.5152193903923035
0.964779257774353
0.6411860585212708
0.25877806544303894
0.9140748977661133
0.9646037220954895
0.2544330954551697
0.2612251937389374
0.25826945900917053
0.38883063197135925
0.6076955795288086
0.9648554921150208
0.37858185172080994
0.5676271319389343
0.3002718985080719
0.559265673160553
0.9385571479797363
0.9170908331871033
0.606818437576294
0.2557283043861389
0.9640989899635315
0.7819440960884094
0.3691827952861786
0.9529740214347839
0.2535572350025177
0.960768461227417
0.2829422950744629
0.2574714720249176
0.2680647671222687
0.2566494047641754
0.6316567659378052
0.8965556025505066
0.3881209194660187
0.8471656441688538
0.9632948040962219
0.9598718285560608
0.9637312889099121
0.9407970905303955
0.9639018177986145
0.9624041318893433
0.9400976896286011
0.8480861186981201
0.608921229839325
0.7156732678413391
0.9618964791297913
0.2547883987426758
0.3097299337387085
0.26376873254776
0.9603047966957092
0.28578802943229675
0.964849054813385
0.9397324323654175
0.8662661910057068
0.31592974066734314
0.9640846848487854
0.9641497731208801
0.5833055973052979
0.9619483351707458
0.2896776795387268
0.9636056423187256
0.9147462248802185
0.803398847579956
0.2553294003009796
0.2749457359313965
0.9625425934791565
0.255227267742157
0.4509052038192749
0.8395513296127319
0.9122177958488464
0.9405155777931213
0.959479033946991
0.8573657274246216
0.9530924558639526
0.5154877305030823
0.8519899845123291
0.9635964035987854
0.25956013798713684
0.2546558082103729
0.9583715796470642
0.9647895693778992
0.35596343874931335
0.2754271626472473
0.26130640506744385
0.30805328488349915
0.7428799271583557
0.9645325541496277
0.9638588428497314
0.9055917859077454
0.8842622637748718
0.5857085585594177
0.944500744342804
0.2648169696331024
0.6981328725814819
0.7554686665534973
0.9511587023735046
0.5116729736328125
0.657045841217041
0.3899340331554413
0.9645459651947021
0.9289705753326416
0.4142780303955078
0.6765051484107971
0.25553569197654724
0.9645557403564453
0.5092371702194214
0.7880803942680359
0.9642856121063232
0.48054155707359314
0.960148274898529
0.2545638978481293
0.9640033841133118
0.9639690518379211
0.9534021615982056
0.8495129346847534
0.6747062802314758
0.40577003359794617
0.2595541775226593
0.9646847248077393
0.7815841436386108
0.8940646648406982
0.2782883644104004
0.3723183274269104
0.8226211667060852
0.8242126703262329
0.25377753376960754
0.3255855441093445
0.8310341238975525
0.27725550532341003
0.6709082126617432
0.9621742963790894
0.3408905565738678
0.6012529730796814
0.9623523354530334
0.7228370904922485
0.9353291392326355
0.5988578796386719
0.2635030448436737
0.683974027633667
0.6852218508720398
0.4514321982860565
0.27034053206443787
0.5472227334976196
0.9647312164306641
0.9646892547607422
0.9597944021224976
0.255429208278656
0.9644968509674072
0.3076249063014984
0.3147995173931122
0.2551039755344391
0.2545657157897949
0.963493287563324
0.9541478157043457
0.96236252784729
0.9647828936576843
0.6413396000862122
0.5780336856842041
0.9092736840248108
0.8218092322349548
0.25356218218803406
0.4018586575984955
0.9647353291511536
0.2548874616622925
0.9062923789024353
0.9627688527107239
0.9414253234863281
0.9647448658943176
0.6592673659324646
0.7427735328674316
0.9636950492858887
0.42349860072135925
0.7578327059745789
0.49271664023399353
0.9633517861366272
0.25360071659088135
0.5861976742744446
0.35299235582351685
0.2698691785335541
0.25478941202163696
0.2537221908569336
0.8867177367210388
0.25538358092308044
0.33169880509376526
0.945202112197876
0.39523085951805115
0.31437745690345764
0.25357723236083984
0.26015302538871765
0.2548387348651886
0.9552338719367981
0.3392322063446045
0.3481529951095581
0.9639185070991516
0.9604229927062988
0.9515189528465271
0.8052723407745361
0.6614398956298828
0.7455224990844727
0.25900816917419434
0.3337330222129822
0.9645893573760986
0.964749276638031
0.26813575625419617
0.9647666215896606
0.963911235332489
0.37264376878738403
0.9624724984169006
0.9617777466773987
0.3179965317249298
0.26252245903015137
0.2770889401435852
0.25486722588539124
0.7243857979774475
0.2548300325870514
0.9586119651794434
0.31341812014579773
0.5162622332572937
0.964863121509552
0.7697869539260864
0.9646109342575073
0.25423046946525574
0.274217426776886
0.3052213490009308
0.25527480244636536
0.9357714653015137
0.938974142074585
0.9121065139770508
0.8518298864364624
0.9274129867553711
0.3394908010959625
0.4536721110343933
0.26988548040390015
0.7330892086029053
0.9539686441421509
0.9149367809295654
0.3631179928779602
0.25705263018608093
0.891440749168396
0.2649831771850586
0.9591537117958069
0.25370553135871887
0.9510398507118225
0.9647526144981384
0.9069357514381409
0.2550516426563263
0.256482869386673
0.25524023175239563
0.25389859080314636
0.2586747407913208
0.5437048673629761
0.5797924995422363
0.8720115423202515
0.6446182727813721
0.9641556143760681
0.9099414348602295
0.6131039261817932
0.2590258717536926
0.25374463200569153
0.31418704986572266
0.9640508890151978
0.9616552591323853
0.938655436038971
0.9647277593612671
0.2553907334804535
0.9460793137550354
0.2563819885253906
0.9567065834999084
0.9545518159866333
0.26319941878318787
0.6260251402854919
0.2551688253879547
0.9631568789482117
0.8979355096817017
0.36844655871391296
0.25539809465408325
0.2542143166065216
0.9593889117240906
0.3673267960548401
0.7842984795570374
0.9239561557769775
0.9419529438018799
0.26611968874931335
0.2653981149196625
0.9637374877929688
0.9598731398582458
0.31265363097190857
0.955764889717102
0.32610008120536804
0.5736019015312195
0.2534867227077484
0.9648293852806091
0.9648036360740662
0.7744609117507935
0.28798460960388184
0.8928318619728088
0.25917041301727295
0.9557502865791321
0.9644235372543335
0.884351372718811
0.259001761674881
0.43169164657592773
0.9528470039367676
0.9239628911018372
0.8114344477653503
0.599636971950531
0.557661235332489
0.5594189763069153
0.8007358312606812
0.8931056261062622
0.6984071135520935
0.3837980031967163
0.963988184928894
0.34923458099365234
0.7698319554328918
0.2857176959514618
0.9023718237876892
0.9640182256698608
0.9453871250152588
0.25408631563186646
0.9478831887245178
0.963830828666687
0.30382344126701355
0.27535417675971985
0.7592077851295471
0.7147573828697205
0.2556333541870117
0.962374746799469
0.9641183614730835
0.3065434396266937
0.5262162089347839
0.9550160765647888
0.2641105353832245
0.25742989778518677
0.25702059268951416
0.9052851796150208
0.958477795124054
0.5025590062141418
0.9645208716392517
0.31916865706443787
0.25658491253852844
0.254922091960907
0.9626937508583069
0.2643442749977112
0.3010351359844208
0.7362220287322998
0.7865615487098694
0.8239469528198242
0.927716851234436
0.8512334823608398
0.47005438804626465
0.2936641275882721
0.6858329176902771
0.9648123383522034
0.2553284168243408
0.9215245246887207
0.9628684520721436
0.9643093347549438
0.7330439686775208
0.258073627948761
0.25842565298080444
0.9606336951255798
0.3109438121318817
0.7574042677879333
0.4442072808742523
0.8848739862442017
0.31034037470817566
0.8919214010238647
0.3000684678554535
0.9645663499832153
0.3800896108150482
0.9626824855804443
0.8214988112449646
0.25929585099220276
0.9137186408042908
0.45127713680267334
0.9649117588996887
0.950172483921051
0.9647493958473206
0.2711857557296753
0.7892470955848694
0.815970242023468
0.8800685405731201
0.9457409977912903
0.28402775526046753
0.9235436320304871
0.25493934750556946
0.9648432731628418
0.27066943049430847
0.9575733542442322
0.9236527681350708
0.9239708185195923
0.6618885397911072
0.9648499488830566
0.9648454189300537
0.942798912525177
0.6751723289489746
0.25515076518058777
0.7210201621055603
0.9624200463294983
0.2598894536495209
0.34353306889533997
0.6454175710678101
0.9646857380867004
0.26318803429603577
0.7236634492874146
0.8998900651931763
0.30803245306015015
0.2553301453590393
0.9642139077186584
0.9628456830978394
0.9641926288604736
0.951950192451477
0.9647154808044434
0.6833711266517639
0.9078983664512634
0.2562737762928009
0.26291611790657043
0.9465153813362122
0.256909042596817
0.2866595983505249
0.96427983045578
0.8686254024505615
0.9642075896263123
0.9212493300437927
0.9584226012229919
0.8301588892936707
0.9614463448524475
0.6020891070365906
0.25536829233169556
0.9648674726486206
0.263959139585495
0.4935196340084076
0.8292120695114136
0.9581813216209412
0.2563812732696533
0.9647541642189026
0.4130111336708069
0.896716296672821
0.6561850905418396
0.5270587205886841
0.7205691933631897
0.914527952671051
0.2535841464996338
0.26106056571006775
0.34671229124069214
0.9122477769851685
0.8742391467094421
0.3245702087879181
0.9567320942878723
0.2568701207637787
0.857021152973175
0.9640582203865051
0.45754003524780273
0.7691877484321594
0.3011503219604492
0.5446107387542725
0.2975348234176636
0.9452875852584839
0.2582358717918396
0.868359386920929
0.8608750700950623
0.2609443962574005
0.934867262840271
0.9582514762878418
0.7192332148551941
0.25380805134773254
0.35094153881073
0.9092687368392944
0.26663264632225037
0.28248488903045654
0.9444870352745056
0.9642346501350403
0.9467481374740601
0.25394946336746216
0.6796194911003113
0.897331953048706
0.2670515775680542
0.9008262157440186
0.344963014125824
0.575221598148346
0.254864364862442
0.2676773965358734
0.4691614508628845
0.2658594250679016
0.5042945742607117
0.25447583198547363
0.25345659255981445
0.255773663520813
0.7848885655403137
0.254705011844635
0.2708740830421448
0.26006370782852173
0.5167012810707092
0.25371694564819336
0.2540934979915619
0.26938608288764954
0.256766676902771
0.31393396854400635
0.3436295688152313
0.25645849108695984
0.2555164098739624
0.2691270411014557
0.2666868269443512
0.2551153898239136
0.26678138971328735
0.254546582698822
0.2563176155090332
0.2891257703304291
0.2548912465572357
0.8691651821136475
0.2548030912876129
0.25428488850593567
0.2999282777309418
0.26646286249160767
0.7610960006713867
0.3109939694404602
0.6245489716529846
0.2537640929222107
0.499786913394928
0.9480361938476562
0.2538144588470459
0.2604227364063263
0.2609992027282715
0.2606302797794342
0.5112825632095337
0.621568500995636
0.42742639780044556
0.46733731031417847
0.5435252785682678
0.3390333950519562
0.25362008810043335
0.2824092507362366
0.8730165958404541
0.2838871479034424
0.26198291778564453
0.30490225553512573
0.2665059268474579
0.7981346845626831
0.2563105821609497
0.25382018089294434
0.2557438611984253
0.25422564148902893
0.2689405381679535
0.26705044507980347
0.2773861289024353
0.2563103139400482
0.6695014834403992
0.2541608512401581
0.6599992513656616
0.25501182675361633
0.8278616666793823
0.2542788088321686
0.2552115023136139
0.2714764475822449
0.2538483440876007
0.2558993101119995
0.7573673129081726
0.261639267206192
0.3239768445491791
0.25807616114616394
0.2919282615184784
0.27339881658554077
0.26954421401023865
0.35690271854400635
0.2865642309188843
0.6636863350868225
0.5063351988792419
0.25686168670654297
0.28346550464630127
0.2536122500896454
0.26747313141822815
0.38991543650627136
0.25758180022239685
0.2619190216064453
0.2545173764228821
0.2546095848083496
0.2553192973136902
0.5464227199554443
0.2723546624183655
0.3375759422779083
0.2780822515487671
0.2578181326389313
0.28409120440483093
0.2624424993991852
0.2711022198200226
0.5734996795654297
0.2618008255958557
0.2966443598270416
0.2607206702232361
0.2544514238834381
0.2546541094779968
0.4440639317035675
0.5708562135696411
0.2693595588207245
0.26411858201026917
0.49160465598106384
0.2592885196208954
0.25585827231407166
0.2564868628978729
0.41637638211250305
0.44447895884513855
0.2548568844795227
0.2675277888774872
0.2564856708049774
0.2553371489048004
0.2582310140132904
0.2872041165828705
0.26270800828933716
0.33745065331459045
0.25789305567741394
0.2536133825778961
0.651009202003479
0.3583965301513672
0.4832831621170044
0.25601059198379517
0.2746810019016266
0.34027454257011414
0.8983469009399414
0.2565609812736511
0.2547779083251953
0.26471444964408875
0.26179665327072144
0.2583225965499878
0.2540217339992523
0.2586517632007599
0.26381126046180725
0.44740161299705505
0.2703417241573334
0.8828061819076538
0.32330840826034546
0.2567674219608307
0.5046675801277161
0.27144497632980347
0.26919683814048767
0.328779011964798
0.25794240832328796
0.2563032805919647
0.2610135078430176
0.2579381763935089
0.2559755742549896
0.2823224663734436
0.26796630024909973
0.2540278732776642
0.44370484352111816
0.25669384002685547
0.25438058376312256
0.2657697796821594
0.25415584444999695
0.2584751546382904
0.2546619772911072
0.2560679316520691
0.26342880725860596
0.2556697726249695
0.9231911897659302
0.7747055292129517
0.2864491045475006
0.44367286562919617
0.3112369179725647
0.2557981312274933
0.25773629546165466
0.25408944487571716
0.25364795327186584
0.2686985433101654
0.253589928150177
0.25369927287101746
0.30486345291137695
0.261886328458786
0.3848235607147217
0.6311272382736206
0.32173803448677063
0.2849825322628021
0.2543109059333801
0.2609303295612335
0.3187030851840973
0.2538658380508423
0.8584824204444885
0.29283609986305237
0.2709147036075592
0.26363569498062134
0.3020465075969696
0.8986049294471741
0.2650153338909149
0.25455349683761597
0.2658359110355377
0.25643885135650635
0.38132479786872864
0.8271348476409912
0.26327311992645264
0.25481677055358887
0.3078952431678772
0.2586517632007599
0.8083047866821289
0.27138328552246094
0.2545599937438965
0.2538035809993744
0.2733648717403412
0.25878727436065674
0.26027676463127136
0.2558444142341614
0.2537711262702942
0.5631268620491028
0.2536642551422119
0.25726768374443054
0.2580093741416931
0.2570863664150238
0.2592827379703522
0.2544490098953247
0.254515141248703
0.3594805598258972
0.2614947557449341
0.2641581594944
0.2677711844444275
0.25346529483795166
0.2540133595466614
0.2548201382160187
0.25683358311653137
0.25441205501556396
0.8157930374145508
0.2856191396713257
0.25459349155426025
0.29577121138572693
0.2571573555469513
0.2572692036628723
0.25630322098731995
0.27522894740104675
0.465878427028656
0.2545686960220337
0.25720861554145813
0.3553661108016968
0.2667657136917114
0.3062197268009186
0.259372353553772
0.2540825307369232
0.2539331018924713
0.2832012474536896
0.3042839765548706
0.9331803321838379
0.8960722088813782
0.36343467235565186
0.25394392013549805
0.9553502798080444
0.2668379247188568
0.2596566081047058
0.26330578327178955
0.27249279618263245
0.39768749475479126
0.2749086022377014
0.8892809152603149
0.29931315779685974
0.3244737982749939
0.25654125213623047
0.2544573247432709
0.2545013427734375
0.2634983956813812
0.263595312833786
0.26218563318252563
0.25725892186164856
0.2801472842693329
0.26059749722480774
0.25410935282707214
0.25538715720176697
0.26485705375671387
0.2587487995624542
0.25932517647743225
0.2633339762687683
0.2571319341659546
0.263632595539093
0.2791488766670227
0.2540234327316284
0.2562631666660309
0.9200605750083923
0.2613871991634369
0.25351157784461975
0.2552579939365387
0.4195796251296997
0.25351059436798096
0.25812265276908875
0.35567525029182434
0.2570749521255493
0.3141501545906067
0.28277215361595154
0.5467947721481323
0.26294398307800293
0.6815508008003235
0.6816673278808594
0.7254610657691956
0.2598971128463745
0.25679531693458557
0.3084893822669983
0.3141411542892456
0.25897684693336487
0.659376859664917
0.26530933380126953
0.2544887065887451
0.25507086515426636
0.25460317730903625
0.2576419413089752
0.2562633454799652
0.25443100929260254
0.3893473148345947
0.2800173759460449
0.26029154658317566
0.3601120710372925
0.2567521929740906
0.34537941217422485
0.25517037510871887
0.4987293481826782
0.2572938799858093
0.25861334800720215
0.2767980396747589
0.2536216974258423
0.2547975480556488
0.2553107738494873
0.26919275522232056
0.26422297954559326
0.2630767524242401
0.2553554177284241
0.9183933138847351
0.2626382112503052
0.2654687762260437
0.3969227969646454
0.31990718841552734
0.26545029878616333
0.3048386871814728
0.41080379486083984
0.7307184338569641
0.6575566530227661
0.2544492483139038
0.2608383595943451
0.6826671361923218
0.8884552717208862
0.25398004055023193
0.2610248923301697
0.47664952278137207
0.4557727873325348
0.2541126012802124
0.2840135097503662
0.2564743459224701
0.25636106729507446
0.28420543670654297
0.2537720501422882
0.25507307052612305
0.2537252604961395
0.4214459955692291
0.2546960115432739
0.2539201080799103
0.4767296314239502
0.25652506947517395
0.25353193283081055
0.27504295110702515
0.2554982900619507
0.25533783435821533
0.2615305185317993
0.2589704692363739
0.31744691729545593
0.6509109139442444
0.3359435200691223
0.25375354290008545
0.8934335112571716
0.46332284808158875
0.27560746669769287
0.2944093346595764
0.2706056237220764
0.2992941737174988
0.3705040216445923
0.36866632103919983
0.2594536244869232
0.278381884098053
0.26596471667289734
0.25540292263031006
0.2555461823940277
0.25408244132995605
0.3794569671154022
0.287006676197052
0.25584423542022705
0.790507435798645
0.4813866913318634
0.3533293902873993
0.37939536571502686
0.26084595918655396
0.2545361816883087
0.26059281826019287
0.266693651676178
0.39449965953826904
0.2690733075141907
0.28739792108535767
0.2620128393173218
0.2551424205303192
0.2535586953163147
0.45147183537483215
0.27992960810661316
0.5133859515190125
0.2773520350456238
0.2563735842704773
0.5963531136512756
0.25930461287498474
0.25353482365608215
0.25354713201522827
0.26252686977386475
0.42642226815223694
0.2817363142967224
0.2547331154346466
0.8031763434410095
0.2579292356967926
0.2559380829334259
0.3467939794063568
0.25516030192375183
0.2590150833129883
0.5344536900520325
0.29984816908836365
0.29865193367004395
0.25932198762893677
0.255919486284256
0.28857049345970154
0.8725098371505737
0.27346745133399963
0.6167571544647217
0.259425550699234
0.2560413181781769
0.3065967559814453
0.4622703492641449
0.25560998916625977
0.2537385821342468
0.2541101574897766
0.25370728969573975
0.26806506514549255
0.2564527690410614
0.28247305750846863
0.2544505000114441
0.2563444972038269
0.2540332078933716
0.3962026536464691
0.2546265721321106
0.2555655539035797
0.37118566036224365
0.27468812465667725
0.25372207164764404
0.5820963382720947
0.25774356722831726
0.2839929163455963
0.2566951811313629
0.2537698447704315
0.2722010314464569
0.25485730171203613
0.25364065170288086
0.25644949078559875
0.25557833909988403
0.30185768008232117
0.2637096047401428
0.25377562642097473
0.254855215549469
0.2687334716320038
0.8878620862960815
0.2542608082294464
0.2830263674259186
0.29659780859947205
0.27699968218803406
0.6257246732711792
0.4814644455909729
0.5514495372772217
0.2535095810890198
0.25954675674438477
0.2549645006656647
0.25472965836524963
0.31397348642349243
0.27849358320236206
0.2556794285774231
0.4414445161819458
0.2846567928791046
0.25485631823539734
0.25381073355674744
0.2561630606651306
0.2615581750869751
0.26387643814086914
0.3564665913581848
0.36823585629463196
0.9251174330711365
0.2703110873699188
0.2685415744781494
0.26657652854919434
0.2593748867511749
0.25725865364074707
0.25589218735694885
0.2541922628879547
0.270560085773468
0.6122708916664124
0.5746838450431824
0.3039773404598236
0.2570953369140625
0.25368592143058777
0.25354599952697754
0.2546370327472687
0.4063376486301422
0.3349887728691101
0.2538144886493683
0.3110599219799042
0.2539450526237488
0.2623027563095093
0.2619868814945221
0.2677380442619324
0.25506019592285156
0.25457677245140076
0.3964430093765259
0.2699529230594635
0.28720468282699585
0.31415578722953796
0.7411949038505554
0.9141433238983154
0.5263925790786743
0.412952721118927
0.5918904542922974
0.2552134394645691
0.2645750343799591
0.26776769757270813
0.30207324028015137
0.27147093415260315
0.26195669174194336
0.2565971314907074
0.26037129759788513
0.2537238895893097
0.2534649670124054
0.26784461736679077
0.769849419593811
0.2926430106163025
0.25730404257774353
0.5234054327011108
0.2976006269454956
0.26052165031433105
0.2554923892021179
0.258467435836792
0.262541264295578
0.7788528203964233
0.2589346766471863
0.2537211775779724
0.3900246024131775
0.3391354978084564
0.45946675539016724
0.2541086673736572
0.2554267942905426
0.2758082449436188
0.37558257579803467
0.25613337755203247
0.2551070749759674
0.8405981659889221
0.2780511677265167
0.6600350141525269
0.2564866244792938
0.2699550688266754
0.25952044129371643
0.25757157802581787
0.33979031443595886
0.37860703468322754
0.6388099193572998
0.2565063238143921
0.3217657804489136
0.6789297461509705
0.2567588984966278
0.2981697916984558
0.4440605640411377
0.2563055157661438
0.2605785131454468
0.31271448731422424
0.2757987082004547
0.9617475271224976
0.25698378682136536
0.25389280915260315
0.3416922688484192
0.25342196226119995
0.514575183391571
0.2560504376888275
0.2784380614757538
0.2554017901420593
0.37403181195259094
0.2563556134700775
0.4077101945877075
0.2761431634426117
0.28928622603416443
0.25969821214675903
0.35197287797927856
0.25351473689079285
0.2884671688079834
0.7498471140861511
0.254159539937973
0.25431907176971436
0.25476038455963135
0.2991516590118408
0.3137441873550415
0.3579733371734619
0.28159716725349426
0.25613659620285034
0.32592296600341797
0.25738710165023804
0.25536519289016724
0.5310031771659851
0.2539898753166199
0.2842217981815338
0.2534359097480774
0.2673461437225342
0.26035916805267334
0.2703666687011719
0.2558423578739166
0.2579377591609955
0.2542354166507721
0.7625397443771362
0.2558119595050812
0.2597636282444
0.25467032194137573
0.254780113697052
0.2796609103679657
0.2679462730884552
0.7414444088935852
0.2578945457935333
0.3476596176624298
0.2555522918701172
0.256940096616745
0.3086397051811218
0.4226742386817932
0.25483235716819763
0.261928528547287
0.2903575003147125
0.56917405128479
0.8967773914337158
0.2548186182975769
0.2667141258716583
0.43003812432289124
0.51246577501297
0.25409430265426636
0.8244729042053223
0.2611920237541199
0.45872893929481506
0.2659521698951721
0.316199392080307
0.26493221521377563
0.25419870018959045
0.2541554868221283
0.26184749603271484
0.25926077365875244
0.27160823345184326
0.3534585237503052
0.3029458224773407
0.25351661443710327
0.2538207769393921
0.2559399902820587
0.4011756181716919
0.7401500940322876
0.25368690490722656
0.34646913409233093
0.6997759342193604
0.25402969121932983
0.25491106510162354
0.25413933396339417
0.5054254531860352
0.28774315118789673
0.2900777757167816
0.25501012802124023
0.2536887228488922
0.2540959119796753
0.2539229094982147
0.27556875348091125
0.2641119360923767
0.2741824984550476
0.2548059821128845
0.2763148248195648
0.2673087418079376
0.30571988224983215
0.790320634841919
0.9222758412361145
0.5916590690612793
0.2534293234348297
0.27527493238449097
0.25432854890823364
0.25608721375465393
0.2578234076499939
0.4948677718639374
0.25566229224205017
0.25590890645980835
0.2559084892272949
0.7134010791778564
0.6267150044441223
0.4451049268245697
0.2549933195114136
0.2548694908618927
0.25701138377189636
0.2588655948638916
0.39605480432510376
0.3736133873462677
0.27396610379219055
0.2574867606163025
0.28719404339790344
0.5916910171508789
0.9609901309013367
0.25507938861846924
0.26403290033340454
0.25606727600097656
0.25450399518013
0.2683108150959015
0.25518515706062317
0.25362712144851685
0.25467216968536377
0.27332910895347595
0.8682712912559509
0.4562019109725952
0.7739515900611877
0.25446438789367676
0.25450700521469116
0.25839826464653015
0.6385234594345093
0.26696497201919556
0.2544015944004059
0.26771312952041626
0.9214081168174744
0.8257710337638855
0.9139828681945801
0.2844213545322418
0.2555687725543976
0.3079369068145752
0.8097397089004517
0.25857383012771606
0.4876199960708618
0.3160494267940521
0.8361574411392212
0.30911165475845337
0.25504162907600403
0.267234742641449
0.25366824865341187
0.25675299763679504
0.2631605565547943
0.2748011350631714
0.6513070464134216
0.4281731843948364
0.25351300835609436
0.25406649708747864
0.43904924392700195
0.2555243670940399
0.258165180683136
0.7203992009162903
0.26023170351982117
0.254374623298645
0.31166884303092957
0.25557151436805725
0.2579772472381592
0.26018622517585754
0.2561683654785156
0.25907716155052185
0.33611923456192017
0.2984287142753601
0.8141939640045166
0.4185453951358795
0.3349369764328003
0.6170452237129211
0.25488683581352234
0.5496151447296143
0.2630618214607239
0.2762047350406647
0.2558176517486572
0.25833258032798767
0.6850375533103943
0.5100162625312805
0.2541649043560028
0.3443737030029297
0.25381723046302795
0.2569666802883148
0.9394568204879761
0.2536145746707916
0.2616271674633026
0.2571660578250885
0.28160473704338074
0.2546353042125702
0.49470409750938416
0.2619066834449768
0.2555637061595917
0.43494632840156555
0.2563699185848236
0.5377822518348694
0.4411051273345947
0.2550069987773895
0.25358062982559204
0.8537815809249878
0.2565611004829407
0.25822845101356506
0.25527170300483704
0.25552159547805786
0.258596807718277
0.29561135172843933
0.49791982769966125
0.28517791628837585
0.9457435607910156
0.9635065793991089
0.3319087028503418
0.411173939704895
0.35268187522888184
0.773402214050293
0.2567572295665741
0.2787414491176605
0.27701911330223083
0.2542075216770172
0.2537572681903839
0.256579726934433
0.3650127351284027
0.2737210988998413
0.2569507360458374
0.25577694177627563
0.25574225187301636
0.5595621466636658
0.2543054521083832
0.2640500068664551
0.2700835168361664
0.25440648198127747
0.2584529519081116
0.268364816904068
0.2547515034675598
0.2863446772098541
0.25857266783714294
0.27408847212791443
0.2624812722206116
0.2543945610523224
0.2590641975402832
0.2582993805408478
0.263337105512619
0.25495100021362305
0.2996317744255066
0.25355082750320435
0.2551051676273346
0.2720404863357544
0.2540017068386078
0.2575147747993469
0.2846873700618744
0.25605884194374084
0.2591501772403717
0.2587656080722809
0.2535002529621124
0.25413256883621216
0.2557883858680725
0.5109360218048096
0.41021862626075745
0.2694278657436371
0.25696808099746704
0.7545204758644104
0.3116964101791382
0.817866325378418
0.2567692697048187
0.3171982169151306
0.25622090697288513
0.26722803711891174
0.256991982460022
0.2562379240989685
0.34705162048339844
0.7859841585159302
0.2553133964538574
0.2774670124053955
0.25434571504592896
0.2584930658340454
0.26443853974342346
0.25562936067581177
0.2570689916610718
0.2671453654766083
0.2571202218532562
0.2568814158439636
0.27944323420524597
0.26315268874168396
0.29250386357307434
0.2609681785106659
0.25571516156196594
0.2771807312965393
0.30708304047584534
0.5921094417572021
0.42688530683517456
0.2538207769393921
0.2539478540420532
0.25388339161872864
0.2541520297527313
0.28058144450187683
0.255349725484848
0.25462058186531067
0.3438219130039215
0.25523829460144043
0.3132970333099365
0.2623961567878723
0.25355276465415955
0.40437906980514526
0.25662001967430115
0.3010919988155365
0.259995698928833
0.46148115396499634
0.26830577850341797
0.2551107704639435
0.25427404046058655
0.2566796839237213
0.48541831970214844
0.305204838514328
0.25364285707473755
0.7603906989097595
0.2590595483779907
0.25861281156539917
0.25472739338874817
0.25428667664527893
0.2562214136123657
0.26785415410995483
0.25923144817352295
0.25593340396881104
0.7591551542282104
0.384609192609787
0.30151817202568054
0.3768272399902344
0.654417872428894
0.41748717427253723
0.25471290946006775
0.256594717502594
0.25959286093711853
0.25484150648117065
0.25503984093666077
0.25377514958381653
0.29946544766426086
0.964011549949646
0.25419119000434875
0.9430508613586426
0.2665640711784363
0.27187663316726685
0.25453388690948486
0.25772860646247864
0.25438475608825684
0.8359090089797974
0.28139641880989075
0.259322851896286
0.2543126344680786
0.2985684871673584
0.25853103399276733
0.34356164932250977
0.2669457793235779
0.2901444733142853
0.4818841516971588
0.8098561763763428
0.2577671408653259
0.3789377212524414
0.2769305109977722
0.26521721482276917
0.25577810406684875
0.43972519040107727
0.6844107508659363
0.25452920794487
0.25903838872909546
0.9618813991546631
0.2558446526527405
0.25587373971939087
0.2548930048942566
0.5128790140151978
0.25885286927223206
0.2757408618927002
0.2585087716579437
0.2557676434516907
0.8724349141120911
0.8101631999015808
0.25526779890060425
0.2582431435585022
0.2534242272377014
0.2536991238594055
0.2546057403087616
0.2542232275009155
0.264309287071228
0.2577027678489685
0.2624678909778595
0.29069697856903076
0.32619455456733704
0.2600865662097931
0.25875452160835266
0.2613224685192108
0.4224373698234558
0.2550264000892639
0.2557761073112488
0.6116085052490234
0.7630188465118408
0.25408750772476196
0.4216441810131073
0.25374969840049744
0.25803419947624207
0.2547565698623657
0.25655773282051086
0.25935566425323486
0.9428020715713501
0.3310249149799347
0.29326286911964417
0.33593615889549255
0.2618303596973419
0.4613659083843231
0.4638730585575104
0.44822677969932556
0.5000132322311401
0.7598180174827576
0.6317573189735413
0.7911779284477234
0.3052862286567688
0.6426438689231873
0.6026096940040588
0.27603811025619507
0.25460827350616455
0.45593124628067017
0.44606009125709534
0.254773885011673
0.2534334063529968
0.25421270728111267
0.2554270923137665
0.2720485031604767
0.26116201281547546
0.26455119252204895
0.255706250667572
0.2537309527397156
0.3173382878303528
0.25597062706947327
0.2548786997795105
0.2595260739326477
0.34882649779319763
0.2548345923423767
0.25419941544532776
0.25723662972450256
0.25592055916786194
0.25458940863609314
0.25637948513031006
0.25821730494499207
0.3894142806529999
0.28093650937080383
0.2717650532722473
0.5411183834075928
0.3353463113307953
0.2908361554145813
0.6863767504692078
0.31566011905670166
0.25372517108917236
0.29107239842414856
0.2560996115207672
0.3926635682582855
0.749695897102356
0.2605544328689575
0.25428903102874756
0.2582924962043762
0.26115259528160095
0.4655831456184387
0.25999119877815247
0.2543693482875824
0.3146588206291199
0.2601834833621979
0.3910260498523712
0.2565029561519623
0.2634250521659851
0.2572196424007416
0.26657435297966003
0.2548610270023346
0.34612804651260376
0.4602404534816742
0.25467661023139954
0.2563137114048004
0.2761289179325104
0.25798431038856506
0.2609650492668152
0.2573283314704895
0.2541770339012146
0.25543174147605896
0.264486700296402
0.5036280751228333
0.6188309788703918
0.6447247862815857
0.26074615120887756
0.26409026980400085
0.25860416889190674
0.5851103663444519
0.6880947351455688
0.6233691573143005
0.6548689603805542
0.7891755104064941
0.7918152809143066
0.38884592056274414
0.9198256731033325
0.2617509067058563
0.7620259523391724
0.3112297058105469
0.2650928795337677
0.3015992343425751
0.37258556485176086
0.8016180992126465
0.39840537309646606
0.7391690611839294
0.2663888931274414
0.2557656764984131
0.27618417143821716
0.25697922706604004
0.4685114920139313
0.2757818102836609
0.2739786207675934
0.27024659514427185
0.26112106442451477
0.3929688334465027
0.2838646471500397
0.25526437163352966
0.25524190068244934
0.43245676159858704
0.2631291151046753
0.6985424757003784
0.27496349811553955
0.2689310312271118
0.4290328919887543
0.25999772548675537
0.35286903381347656
0.26112374663352966
0.6234508752822876
0.2586621046066284
0.6466832160949707
0.6352537274360657
0.5053128600120544
0.693832516670227
0.2888518273830414
0.27080297470092773
0.25611376762390137
0.5546953678131104
0.2575659155845642
0.26104995608329773
0.26595157384872437
0.2678881883621216
0.37340056896209717
0.2539288103580475
0.25690191984176636
0.25436079502105713
0.31853431463241577
0.27830183506011963
0.35180163383483887
0.35880064964294434
0.43466317653656006
0.8380158543586731
0.7794619202613831
0.6755511164665222
0.3852829337120056
0.2605310082435608
0.25591805577278137
0.25402453541755676
0.2534959018230438
0.3809789717197418
0.44590243697166443
0.49922341108322144
0.7875419855117798
0.4980846047401428
0.3139275312423706
0.28616249561309814
0.25413820147514343
0.2856316566467285
0.3724372684955597
0.2562110126018524
0.2576095759868622
0.2555468678474426
0.26489943265914917
0.25339385867118835
0.25381025671958923
0.253762423992157
0.2793461084365845
0.2553965747356415
0.26307404041290283
0.5047749876976013
0.264318585395813
0.26918575167655945
0.26757410168647766
0.25586533546447754
0.3803659975528717
0.723894476890564
0.2539973556995392
0.264755517244339
0.4068228304386139
0.27065789699554443
0.5534226894378662
0.26935309171676636
0.31521040201187134
0.25357717275619507
0.25482726097106934
0.49460625648498535
0.2810904085636139
0.25560781359672546
0.25378870964050293
0.2643444240093231
0.31134089827537537
0.9227564334869385
0.2816084921360016
0.7524194121360779
0.2891109585762024
0.27869418263435364
0.4961310923099518
0.2539101839065552
0.4452318549156189
0.2557186782360077
0.2544410526752472
0.25703585147857666
0.25428152084350586
0.2807086706161499
0.7652064561843872
0.2683180272579193
0.27331802248954773
0.5992675423622131
0.2777285873889923
0.2554830014705658
0.5016888380050659
0.3446325957775116
0.389080673456192
0.2644652724266052
0.9428613185882568
0.6533615589141846
0.27586284279823303
0.6791234016418457
0.28167471289634705
0.2535092532634735
0.26353535056114197
0.5322123169898987
0.6565912961959839
0.2582080066204071
0.3713524341583252
0.2680716812610626
0.25410643219947815
0.3471353352069855
0.2573375999927521
0.2538328170776367
0.2610335052013397
0.47182464599609375
0.2554994523525238
0.278857946395874
0.2536173164844513
0.38121864199638367
0.2543082535266876
0.2554440498352051
0.2649413049221039
0.2561285197734833
0.6900238394737244
0.2556111216545105
0.2657961845397949
0.37784457206726074
0.2596897780895233
0.2555314898490906
0.2561793327331543
0.29065224528312683
0.2977629601955414
0.25648146867752075
0.2619974613189697
0.258069783449173
0.4135611653327942
0.2542605996131897
0.2559777796268463
0.3007546663284302
0.2556711733341217
0.28852689266204834
0.2632959187030792
0.3776169419288635
0.2540004849433899
0.25484320521354675
0.2536340057849884
0.2546130418777466
0.3705897629261017
0.26257869601249695
0.47282806038856506
0.2831152677536011
0.4211946427822113
0.25464245676994324
0.25564834475517273
0.4109373092651367
0.2677845358848572
0.2869178056716919
0.29327890276908875
0.2555813193321228
0.2541974186897278
0.2621020972728729
0.27367380261421204
0.7596802115440369
0.2543178200721741
0.6172748804092407
0.2537243068218231
0.3641712963581085
0.27371519804000854
0.3059108257293701
0.2676740288734436
0.28064432740211487
0.2607463002204895
0.25796204805374146
0.25739094614982605
0.3586931824684143
0.27331414818763733
0.2547970116138458
0.25450399518013
0.3172511160373688
0.25889068841934204
0.25538885593414307
0.25458425283432007
0.2768770456314087
0.2551272511482239
0.2621527910232544
0.41006091237068176
0.8224233388900757
0.29283082485198975
0.2660403251647949
0.3026236295700073
0.8458312749862671
0.2555180788040161
0.6270838379859924
0.4047960340976715
0.25375646352767944
0.26028698682785034
0.47279539704322815
0.2623228132724762
0.28924620151519775
0.26209986209869385
0.43810880184173584
0.2758450210094452
0.9574496746063232
0.25893574953079224
0.31178557872772217
0.2543884515762329
0.26792994141578674
0.46023136377334595
0.263003408908844
0.269872784614563
0.25439441204071045
0.2544741928577423
0.25444328784942627
0.4555361568927765
0.25641241669654846
0.27499523758888245
0.4095616936683655
0.3601752817630768
0.5536867380142212
0.2542034089565277
0.2603923976421356
0.287813663482666
0.4385243058204651
0.25668594241142273
0.32962796092033386
0.26186707615852356
0.5430361032485962
0.2698718309402466
0.4439084827899933
0.2626482844352722
0.5132580995559692
0.2552877366542816
0.26389357447624207
0.3716904819011688
0.26326560974121094
0.6177893280982971
0.25651267170906067
0.2836988568305969
0.25603628158569336
0.2606317698955536
0.8675312995910645
0.25568050146102905
0.2564781606197357
0.33808138966560364
0.26419687271118164
0.25753292441368103
0.25436389446258545
0.2619251310825348
0.28261497616767883
0.8857284784317017
0.2684491276741028
0.2773192226886749
0.2616351842880249
0.4343493580818176
0.2557902932167053
0.30644282698631287
0.7932720184326172
0.2539502680301666
0.7924639582633972
0.2572406232357025
0.4855938255786896
0.2577469050884247
0.607396125793457
0.30834290385246277
0.44770100712776184
0.5199946165084839
0.2876744270324707
0.4618125259876251
0.2552562654018402
0.2564864456653595
0.2536962628364563
0.25529155135154724
0.25576892495155334
0.2586808204650879
0.25564706325531006
0.29433929920196533
0.6618223786354065
0.26282206177711487
0.25681909918785095
0.30310800671577454
0.2557266056537628
0.7653059959411621
0.2856733798980713
0.2825414538383484
0.25714170932769775
0.2559221684932709
0.26869210600852966
0.36949437856674194
0.3383471667766571
0.325979620218277
0.25401923060417175
0.2962190508842468
0.6618654131889343
0.2551174759864807
0.860968291759491
0.7581090927124023
0.4167235195636749
0.2627209722995758
0.2547985911369324
0.2576732337474823
0.6714175939559937
0.27498286962509155
0.46250903606414795
0.2603943347930908
0.3668186664581299
0.2543085515499115
0.2635877728462219
0.2634926438331604
0.8816978931427002
0.2534712851047516
0.5423118472099304
0.6815283298492432
0.25434187054634094
0.4625498950481415
0.2564433813095093
0.2783891558647156
0.658277690410614
0.5097294449806213
0.603413462638855
0.25367772579193115
0.2542945444583893
0.5662609338760376
0.2604891359806061
0.48247677087783813
0.2577262818813324
0.3197667896747589
0.3071591258049011
0.27747780084609985
0.2537360191345215
0.2536209523677826
0.3362913429737091
0.392635315656662
0.31249532103538513
0.2782936990261078
0.25721707940101624
0.2565508484840393
0.32148435711860657
0.27606990933418274
0.255797803401947
0.6180782914161682
0.2849833071231842
0.25381356477737427
0.2785089313983917
0.3128349184989929
0.2544003427028656
0.27529871463775635
0.8954129219055176
0.47299912571907043
0.254241406917572
0.571425199508667
0.6758303642272949
0.2840968072414398
0.2538895010948181
0.25523796677589417
0.254232794046402
0.2580099105834961
0.30139246582984924
0.289465993642807
0.25820717215538025
0.5790242552757263
0.25470760464668274
0.25432324409484863
0.2601093649864197
0.2646484375
0.2774657607078552
0.2578703463077545
0.2608688771724701
0.2594551742076874
0.255664199590683
0.36064180731773376
0.7025078535079956
0.3317125737667084
0.32631078362464905
0.7301726937294006
0.3586120903491974
0.2564055621623993
0.4521498680114746
0.2811213731765747
0.2710825204849243
0.25560054183006287
0.47458213567733765
0.5226884484291077
0.5285570025444031
0.2753457725048065
0.25455620884895325
0.2618546187877655
0.2551203668117523
0.2711881101131439
0.2633490264415741
0.25522518157958984
0.8626570105552673
0.26574042439460754
0.26898685097694397
0.3185867369174957
0.25362613797187805
0.28187787532806396
0.29909899830818176
0.2559739053249359
0.5613973140716553
0.2542230486869812
0.25890886783599854
0.4439549148082733
0.26553836464881897
0.4100925624370575
0.26799002289772034
0.576283872127533
0.33524784445762634
0.4436732530593872
0.5510437488555908
0.4799286723136902
0.27611321210861206
0.493784099817276
0.3902738094329834
